"from","to","gender","age","rate"
"WA","AK","m","0","0.000300067"
"WA","AK","m","1","0.000300067"
"WA","AK","m","2","0.000300067"
"WA","AK","m","3","0.000300067"
"WA","AK","m","4","0.000300067"
"WA","AK","m","5","0.000243342"
"WA","AK","m","6","0.000243342"
"WA","AK","m","7","0.000243342"
"WA","AK","m","8","0.000243342"
"WA","AK","m","9","0.000243342"
"WA","AK","m","10","0.000258403"
"WA","AK","m","11","0.000258403"
"WA","AK","m","12","0.000258403"
"WA","AK","m","13","0.000258403"
"WA","AK","m","14","0.000258403"
"WA","AK","m","15","0.000417647"
"WA","AK","m","16","0.000417647"
"WA","AK","m","17","0.000417647"
"WA","AK","m","18","0.000417647"
"WA","AK","m","19","0.000417647"
"WA","AK","m","20","0.000709617"
"WA","AK","m","21","0.000709617"
"WA","AK","m","22","0.000709617"
"WA","AK","m","23","0.000709617"
"WA","AK","m","24","0.000709617"
"WA","AK","m","25","0.00062009"
"WA","AK","m","26","0.00062009"
"WA","AK","m","27","0.00062009"
"WA","AK","m","28","0.00062009"
"WA","AK","m","29","0.00062009"
"WA","AK","m","30","0.000824739"
"WA","AK","m","31","0.000824739"
"WA","AK","m","32","0.000824739"
"WA","AK","m","33","0.000824739"
"WA","AK","m","34","0.000824739"
"WA","AK","m","35","0.000211239"
"WA","AK","m","36","0.000211239"
"WA","AK","m","37","0.000211239"
"WA","AK","m","38","0.000211239"
"WA","AK","m","39","0.000211239"
"WA","AK","m","40","0.000650984"
"WA","AK","m","41","0.000650984"
"WA","AK","m","42","0.000650984"
"WA","AK","m","43","0.000650984"
"WA","AK","m","44","0.000650984"
"WA","AK","m","45","0.000260442"
"WA","AK","m","46","0.000260442"
"WA","AK","m","47","0.000260442"
"WA","AK","m","48","0.000260442"
"WA","AK","m","49","0.000260442"
"WA","AK","m","50","0.000205462"
"WA","AK","m","51","0.000205462"
"WA","AK","m","52","0.000205462"
"WA","AK","m","53","0.000205462"
"WA","AK","m","54","0.000205462"
"WA","AK","m","55","0.0000106"
"WA","AK","m","56","0.0000106"
"WA","AK","m","57","0.0000106"
"WA","AK","m","58","0.0000106"
"WA","AK","m","59","0.0000106"
"WA","AK","m","60","0.000317965"
"WA","AK","m","61","0.000317965"
"WA","AK","m","62","0.000317965"
"WA","AK","m","63","0.000317965"
"WA","AK","m","64","0.000317965"
"WA","AK","m","65","0.0000317"
"WA","AK","m","66","0.0000317"
"WA","AK","m","67","0.0000317"
"WA","AK","m","68","0.0000317"
"WA","AK","m","69","0.0000317"
"WA","AK","m","70","0.000134581"
"WA","AK","m","71","0.000134581"
"WA","AK","m","72","0.000134581"
"WA","AK","m","73","0.000134581"
"WA","AK","m","74","0.000134581"
"WA","AK","m","75","0.000246614"
"WA","AK","m","76","0.000246614"
"WA","AK","m","77","0.000246614"
"WA","AK","m","78","0.000246614"
"WA","AK","m","79","0.000246614"
"WA","AK","m","80","0"
"WA","AK","m","81","0"
"WA","AK","m","82","0"
"WA","AK","m","83","0"
"WA","AK","m","84","0"
"WA","AK","m","85","0"
"WA","AK","m","86","0"
"WA","AK","m","87","0"
"WA","AK","m","88","0"
"WA","AK","m","89","0"
"WA","AK","m","90","0"
"WA","AK","m","91","0"
"WA","AK","m","92","0"
"WA","AK","m","93","0"
"WA","AK","m","94","0"
"WA","AK","m","95","0"
"WA","AK","m","96","0"
"WA","AK","m","97","0"
"WA","AK","m","98","0"
"WA","AK","m","99","0"
"WA","AK","m","100","0"
"WA","AK","f","0","0.00032295"
"WA","AK","f","1","0.00032295"
"WA","AK","f","2","0.00032295"
"WA","AK","f","3","0.00032295"
"WA","AK","f","4","0.00032295"
"WA","AK","f","5","0.000243743"
"WA","AK","f","6","0.000243743"
"WA","AK","f","7","0.000243743"
"WA","AK","f","8","0.000243743"
"WA","AK","f","9","0.000243743"
"WA","AK","f","10","0.000214853"
"WA","AK","f","11","0.000214853"
"WA","AK","f","12","0.000214853"
"WA","AK","f","13","0.000214853"
"WA","AK","f","14","0.000214853"
"WA","AK","f","15","0.000195646"
"WA","AK","f","16","0.000195646"
"WA","AK","f","17","0.000195646"
"WA","AK","f","18","0.000195646"
"WA","AK","f","19","0.000195646"
"WA","AK","f","20","0.000539321"
"WA","AK","f","21","0.000539321"
"WA","AK","f","22","0.000539321"
"WA","AK","f","23","0.000539321"
"WA","AK","f","24","0.000539321"
"WA","AK","f","25","0.000786705"
"WA","AK","f","26","0.000786705"
"WA","AK","f","27","0.000786705"
"WA","AK","f","28","0.000786705"
"WA","AK","f","29","0.000786705"
"WA","AK","f","30","0.000450617"
"WA","AK","f","31","0.000450617"
"WA","AK","f","32","0.000450617"
"WA","AK","f","33","0.000450617"
"WA","AK","f","34","0.000450617"
"WA","AK","f","35","0.000175814"
"WA","AK","f","36","0.000175814"
"WA","AK","f","37","0.000175814"
"WA","AK","f","38","0.000175814"
"WA","AK","f","39","0.000175814"
"WA","AK","f","40","0.000342507"
"WA","AK","f","41","0.000342507"
"WA","AK","f","42","0.000342507"
"WA","AK","f","43","0.000342507"
"WA","AK","f","44","0.000342507"
"WA","AK","f","45","0.000122968"
"WA","AK","f","46","0.000122968"
"WA","AK","f","47","0.000122968"
"WA","AK","f","48","0.000122968"
"WA","AK","f","49","0.000122968"
"WA","AK","f","50","0.000115393"
"WA","AK","f","51","0.000115393"
"WA","AK","f","52","0.000115393"
"WA","AK","f","53","0.000115393"
"WA","AK","f","54","0.000115393"
"WA","AK","f","55","0.000260576"
"WA","AK","f","56","0.000260576"
"WA","AK","f","57","0.000260576"
"WA","AK","f","58","0.000260576"
"WA","AK","f","59","0.000260576"
"WA","AK","f","60","0.000176111"
"WA","AK","f","61","0.000176111"
"WA","AK","f","62","0.000176111"
"WA","AK","f","63","0.000176111"
"WA","AK","f","64","0.000176111"
"WA","AK","f","65","0.000187032"
"WA","AK","f","66","0.000187032"
"WA","AK","f","67","0.000187032"
"WA","AK","f","68","0.000187032"
"WA","AK","f","69","0.000187032"
"WA","AK","f","70","0"
"WA","AK","f","71","0"
"WA","AK","f","72","0"
"WA","AK","f","73","0"
"WA","AK","f","74","0"
"WA","AK","f","75","0"
"WA","AK","f","76","0"
"WA","AK","f","77","0"
"WA","AK","f","78","0"
"WA","AK","f","79","0"
"WA","AK","f","80","0.00017597"
"WA","AK","f","81","0.00017597"
"WA","AK","f","82","0.00017597"
"WA","AK","f","83","0.00017597"
"WA","AK","f","84","0.00017597"
"WA","AK","f","85","0.000137899"
"WA","AK","f","86","0.000137899"
"WA","AK","f","87","0.000137899"
"WA","AK","f","88","0.000137899"
"WA","AK","f","89","0.000137899"
"WA","AK","f","90","0"
"WA","AK","f","91","0"
"WA","AK","f","92","0"
"WA","AK","f","93","0"
"WA","AK","f","94","0"
"WA","AK","f","95","0"
"WA","AK","f","96","0"
"WA","AK","f","97","0"
"WA","AK","f","98","0"
"WA","AK","f","99","0"
"WA","AK","f","100","0"
"WA","AL","m","0","0.000396088"
"WA","AL","m","1","0.000396088"
"WA","AL","m","2","0.000396088"
"WA","AL","m","3","0.000396088"
"WA","AL","m","4","0.000396088"
"WA","AL","m","5","0.0000690971"
"WA","AL","m","6","0.0000690971"
"WA","AL","m","7","0.0000690971"
"WA","AL","m","8","0.0000690971"
"WA","AL","m","9","0.0000690971"
"WA","AL","m","10","0.000204318"
"WA","AL","m","11","0.000204318"
"WA","AL","m","12","0.000204318"
"WA","AL","m","13","0.000204318"
"WA","AL","m","14","0.000204318"
"WA","AL","m","15","0.0000760663"
"WA","AL","m","16","0.0000760663"
"WA","AL","m","17","0.0000760663"
"WA","AL","m","18","0.0000760663"
"WA","AL","m","19","0.0000760663"
"WA","AL","m","20","0.000186598"
"WA","AL","m","21","0.000186598"
"WA","AL","m","22","0.000186598"
"WA","AL","m","23","0.000186598"
"WA","AL","m","24","0.000186598"
"WA","AL","m","25","0.000496072"
"WA","AL","m","26","0.000496072"
"WA","AL","m","27","0.000496072"
"WA","AL","m","28","0.000496072"
"WA","AL","m","29","0.000496072"
"WA","AL","m","30","0.000172058"
"WA","AL","m","31","0.000172058"
"WA","AL","m","32","0.000172058"
"WA","AL","m","33","0.000172058"
"WA","AL","m","34","0.000172058"
"WA","AL","m","35","0.0000637"
"WA","AL","m","36","0.0000637"
"WA","AL","m","37","0.0000637"
"WA","AL","m","38","0.0000637"
"WA","AL","m","39","0.0000637"
"WA","AL","m","40","0.000212768"
"WA","AL","m","41","0.000212768"
"WA","AL","m","42","0.000212768"
"WA","AL","m","43","0.000212768"
"WA","AL","m","44","0.000212768"
"WA","AL","m","45","0.0000209"
"WA","AL","m","46","0.0000209"
"WA","AL","m","47","0.0000209"
"WA","AL","m","48","0.0000209"
"WA","AL","m","49","0.0000209"
"WA","AL","m","50","0.00000138"
"WA","AL","m","51","0.00000138"
"WA","AL","m","52","0.00000138"
"WA","AL","m","53","0.00000138"
"WA","AL","m","54","0.00000138"
"WA","AL","m","55","0.0000468"
"WA","AL","m","56","0.0000468"
"WA","AL","m","57","0.0000468"
"WA","AL","m","58","0.0000468"
"WA","AL","m","59","0.0000468"
"WA","AL","m","60","0.000187246"
"WA","AL","m","61","0.000187246"
"WA","AL","m","62","0.000187246"
"WA","AL","m","63","0.000187246"
"WA","AL","m","64","0.000187246"
"WA","AL","m","65","0.0000706889"
"WA","AL","m","66","0.0000706889"
"WA","AL","m","67","0.0000706889"
"WA","AL","m","68","0.0000706889"
"WA","AL","m","69","0.0000706889"
"WA","AL","m","70","0"
"WA","AL","m","71","0"
"WA","AL","m","72","0"
"WA","AL","m","73","0"
"WA","AL","m","74","0"
"WA","AL","m","75","0"
"WA","AL","m","76","0"
"WA","AL","m","77","0"
"WA","AL","m","78","0"
"WA","AL","m","79","0"
"WA","AL","m","80","0"
"WA","AL","m","81","0"
"WA","AL","m","82","0"
"WA","AL","m","83","0"
"WA","AL","m","84","0"
"WA","AL","m","85","0"
"WA","AL","m","86","0"
"WA","AL","m","87","0"
"WA","AL","m","88","0"
"WA","AL","m","89","0"
"WA","AL","m","90","0"
"WA","AL","m","91","0"
"WA","AL","m","92","0"
"WA","AL","m","93","0"
"WA","AL","m","94","0"
"WA","AL","m","95","0"
"WA","AL","m","96","0"
"WA","AL","m","97","0"
"WA","AL","m","98","0"
"WA","AL","m","99","0"
"WA","AL","m","100","0"
"WA","AL","f","0","0.000122282"
"WA","AL","f","1","0.000122282"
"WA","AL","f","2","0.000122282"
"WA","AL","f","3","0.000122282"
"WA","AL","f","4","0.000122282"
"WA","AL","f","5","0.000227812"
"WA","AL","f","6","0.000227812"
"WA","AL","f","7","0.000227812"
"WA","AL","f","8","0.000227812"
"WA","AL","f","9","0.000227812"
"WA","AL","f","10","0"
"WA","AL","f","11","0"
"WA","AL","f","12","0"
"WA","AL","f","13","0"
"WA","AL","f","14","0"
"WA","AL","f","15","0.000107681"
"WA","AL","f","16","0.000107681"
"WA","AL","f","17","0.000107681"
"WA","AL","f","18","0.000107681"
"WA","AL","f","19","0.000107681"
"WA","AL","f","20","0.000233657"
"WA","AL","f","21","0.000233657"
"WA","AL","f","22","0.000233657"
"WA","AL","f","23","0.000233657"
"WA","AL","f","24","0.000233657"
"WA","AL","f","25","0.000388427"
"WA","AL","f","26","0.000388427"
"WA","AL","f","27","0.000388427"
"WA","AL","f","28","0.000388427"
"WA","AL","f","29","0.000388427"
"WA","AL","f","30","0.000239344"
"WA","AL","f","31","0.000239344"
"WA","AL","f","32","0.000239344"
"WA","AL","f","33","0.000239344"
"WA","AL","f","34","0.000239344"
"WA","AL","f","35","0.0000694389"
"WA","AL","f","36","0.0000694389"
"WA","AL","f","37","0.0000694389"
"WA","AL","f","38","0.0000694389"
"WA","AL","f","39","0.0000694389"
"WA","AL","f","40","0.0000566"
"WA","AL","f","41","0.0000566"
"WA","AL","f","42","0.0000566"
"WA","AL","f","43","0.0000566"
"WA","AL","f","44","0.0000566"
"WA","AL","f","45","0"
"WA","AL","f","46","0"
"WA","AL","f","47","0"
"WA","AL","f","48","0"
"WA","AL","f","49","0"
"WA","AL","f","50","0.000215853"
"WA","AL","f","51","0.000215853"
"WA","AL","f","52","0.000215853"
"WA","AL","f","53","0.000215853"
"WA","AL","f","54","0.000215853"
"WA","AL","f","55","0.0000478"
"WA","AL","f","56","0.0000478"
"WA","AL","f","57","0.0000478"
"WA","AL","f","58","0.0000478"
"WA","AL","f","59","0.0000478"
"WA","AL","f","60","0"
"WA","AL","f","61","0"
"WA","AL","f","62","0"
"WA","AL","f","63","0"
"WA","AL","f","64","0"
"WA","AL","f","65","0.000171258"
"WA","AL","f","66","0.000171258"
"WA","AL","f","67","0.000171258"
"WA","AL","f","68","0.000171258"
"WA","AL","f","69","0.000171258"
"WA","AL","f","70","0.00007969"
"WA","AL","f","71","0.00007969"
"WA","AL","f","72","0.00007969"
"WA","AL","f","73","0.00007969"
"WA","AL","f","74","0.00007969"
"WA","AL","f","75","0"
"WA","AL","f","76","0"
"WA","AL","f","77","0"
"WA","AL","f","78","0"
"WA","AL","f","79","0"
"WA","AL","f","80","0"
"WA","AL","f","81","0"
"WA","AL","f","82","0"
"WA","AL","f","83","0"
"WA","AL","f","84","0"
"WA","AL","f","85","0"
"WA","AL","f","86","0"
"WA","AL","f","87","0"
"WA","AL","f","88","0"
"WA","AL","f","89","0"
"WA","AL","f","90","0"
"WA","AL","f","91","0"
"WA","AL","f","92","0"
"WA","AL","f","93","0"
"WA","AL","f","94","0"
"WA","AL","f","95","0"
"WA","AL","f","96","0"
"WA","AL","f","97","0"
"WA","AL","f","98","0"
"WA","AL","f","99","0"
"WA","AL","f","100","0"
"WA","AR","m","0","0.0000105"
"WA","AR","m","1","0.0000105"
"WA","AR","m","2","0.0000105"
"WA","AR","m","3","0.0000105"
"WA","AR","m","4","0.0000105"
"WA","AR","m","5","0.000195275"
"WA","AR","m","6","0.000195275"
"WA","AR","m","7","0.000195275"
"WA","AR","m","8","0.000195275"
"WA","AR","m","9","0.000195275"
"WA","AR","m","10","0.0000496"
"WA","AR","m","11","0.0000496"
"WA","AR","m","12","0.0000496"
"WA","AR","m","13","0.0000496"
"WA","AR","m","14","0.0000496"
"WA","AR","m","15","0.000107641"
"WA","AR","m","16","0.000107641"
"WA","AR","m","17","0.000107641"
"WA","AR","m","18","0.000107641"
"WA","AR","m","19","0.000107641"
"WA","AR","m","20","0.000217925"
"WA","AR","m","21","0.000217925"
"WA","AR","m","22","0.000217925"
"WA","AR","m","23","0.000217925"
"WA","AR","m","24","0.000217925"
"WA","AR","m","25","0.0000607"
"WA","AR","m","26","0.0000607"
"WA","AR","m","27","0.0000607"
"WA","AR","m","28","0.0000607"
"WA","AR","m","29","0.0000607"
"WA","AR","m","30","0.00000853"
"WA","AR","m","31","0.00000853"
"WA","AR","m","32","0.00000853"
"WA","AR","m","33","0.00000853"
"WA","AR","m","34","0.00000853"
"WA","AR","m","35","0.0000795765"
"WA","AR","m","36","0.0000795765"
"WA","AR","m","37","0.0000795765"
"WA","AR","m","38","0.0000795765"
"WA","AR","m","39","0.0000795765"
"WA","AR","m","40","0.0000296"
"WA","AR","m","41","0.0000296"
"WA","AR","m","42","0.0000296"
"WA","AR","m","43","0.0000296"
"WA","AR","m","44","0.0000296"
"WA","AR","m","45","0"
"WA","AR","m","46","0"
"WA","AR","m","47","0"
"WA","AR","m","48","0"
"WA","AR","m","49","0"
"WA","AR","m","50","0.000118589"
"WA","AR","m","51","0.000118589"
"WA","AR","m","52","0.000118589"
"WA","AR","m","53","0.000118589"
"WA","AR","m","54","0.000118589"
"WA","AR","m","55","0.00000453"
"WA","AR","m","56","0.00000453"
"WA","AR","m","57","0.00000453"
"WA","AR","m","58","0.00000453"
"WA","AR","m","59","0.00000453"
"WA","AR","m","60","0"
"WA","AR","m","61","0"
"WA","AR","m","62","0"
"WA","AR","m","63","0"
"WA","AR","m","64","0"
"WA","AR","m","65","0"
"WA","AR","m","66","0"
"WA","AR","m","67","0"
"WA","AR","m","68","0"
"WA","AR","m","69","0"
"WA","AR","m","70","0"
"WA","AR","m","71","0"
"WA","AR","m","72","0"
"WA","AR","m","73","0"
"WA","AR","m","74","0"
"WA","AR","m","75","0.000100659"
"WA","AR","m","76","0.000100659"
"WA","AR","m","77","0.000100659"
"WA","AR","m","78","0.000100659"
"WA","AR","m","79","0.000100659"
"WA","AR","m","80","0"
"WA","AR","m","81","0"
"WA","AR","m","82","0"
"WA","AR","m","83","0"
"WA","AR","m","84","0"
"WA","AR","m","85","0.000568734"
"WA","AR","m","86","0.000568734"
"WA","AR","m","87","0.000568734"
"WA","AR","m","88","0.000568734"
"WA","AR","m","89","0.000568734"
"WA","AR","m","90","0"
"WA","AR","m","91","0"
"WA","AR","m","92","0"
"WA","AR","m","93","0"
"WA","AR","m","94","0"
"WA","AR","m","95","0"
"WA","AR","m","96","0"
"WA","AR","m","97","0"
"WA","AR","m","98","0"
"WA","AR","m","99","0"
"WA","AR","m","100","0"
"WA","AR","f","0","0.000153637"
"WA","AR","f","1","0.000153637"
"WA","AR","f","2","0.000153637"
"WA","AR","f","3","0.000153637"
"WA","AR","f","4","0.000153637"
"WA","AR","f","5","0.000116295"
"WA","AR","f","6","0.000116295"
"WA","AR","f","7","0.000116295"
"WA","AR","f","8","0.000116295"
"WA","AR","f","9","0.000116295"
"WA","AR","f","10","0.0000232"
"WA","AR","f","11","0.0000232"
"WA","AR","f","12","0.0000232"
"WA","AR","f","13","0.0000232"
"WA","AR","f","14","0.0000232"
"WA","AR","f","15","0.000198679"
"WA","AR","f","16","0.000198679"
"WA","AR","f","17","0.000198679"
"WA","AR","f","18","0.000198679"
"WA","AR","f","19","0.000198679"
"WA","AR","f","20","0.000261578"
"WA","AR","f","21","0.000261578"
"WA","AR","f","22","0.000261578"
"WA","AR","f","23","0.000261578"
"WA","AR","f","24","0.000261578"
"WA","AR","f","25","0.000119624"
"WA","AR","f","26","0.000119624"
"WA","AR","f","27","0.000119624"
"WA","AR","f","28","0.000119624"
"WA","AR","f","29","0.000119624"
"WA","AR","f","30","0.0000871686"
"WA","AR","f","31","0.0000871686"
"WA","AR","f","32","0.0000871686"
"WA","AR","f","33","0.0000871686"
"WA","AR","f","34","0.0000871686"
"WA","AR","f","35","0"
"WA","AR","f","36","0"
"WA","AR","f","37","0"
"WA","AR","f","38","0"
"WA","AR","f","39","0"
"WA","AR","f","40","0.0000769189"
"WA","AR","f","41","0.0000769189"
"WA","AR","f","42","0.0000769189"
"WA","AR","f","43","0.0000769189"
"WA","AR","f","44","0.0000769189"
"WA","AR","f","45","0.0000573"
"WA","AR","f","46","0.0000573"
"WA","AR","f","47","0.0000573"
"WA","AR","f","48","0.0000573"
"WA","AR","f","49","0.0000573"
"WA","AR","f","50","0.0000176"
"WA","AR","f","51","0.0000176"
"WA","AR","f","52","0.0000176"
"WA","AR","f","53","0.0000176"
"WA","AR","f","54","0.0000176"
"WA","AR","f","55","0.0000188"
"WA","AR","f","56","0.0000188"
"WA","AR","f","57","0.0000188"
"WA","AR","f","58","0.0000188"
"WA","AR","f","59","0.0000188"
"WA","AR","f","60","0.0000604"
"WA","AR","f","61","0.0000604"
"WA","AR","f","62","0.0000604"
"WA","AR","f","63","0.0000604"
"WA","AR","f","64","0.0000604"
"WA","AR","f","65","0.0000811224"
"WA","AR","f","66","0.0000811224"
"WA","AR","f","67","0.0000811224"
"WA","AR","f","68","0.0000811224"
"WA","AR","f","69","0.0000811224"
"WA","AR","f","70","0"
"WA","AR","f","71","0"
"WA","AR","f","72","0"
"WA","AR","f","73","0"
"WA","AR","f","74","0"
"WA","AR","f","75","0"
"WA","AR","f","76","0"
"WA","AR","f","77","0"
"WA","AR","f","78","0"
"WA","AR","f","79","0"
"WA","AR","f","80","0"
"WA","AR","f","81","0"
"WA","AR","f","82","0"
"WA","AR","f","83","0"
"WA","AR","f","84","0"
"WA","AR","f","85","0.000210477"
"WA","AR","f","86","0.000210477"
"WA","AR","f","87","0.000210477"
"WA","AR","f","88","0.000210477"
"WA","AR","f","89","0.000210477"
"WA","AR","f","90","0"
"WA","AR","f","91","0"
"WA","AR","f","92","0"
"WA","AR","f","93","0"
"WA","AR","f","94","0"
"WA","AR","f","95","0"
"WA","AR","f","96","0"
"WA","AR","f","97","0"
"WA","AR","f","98","0"
"WA","AR","f","99","0"
"WA","AR","f","100","0"
"WA","AZ","m","0","0.001041232"
"WA","AZ","m","1","0.001041232"
"WA","AZ","m","2","0.001041232"
"WA","AZ","m","3","0.001041232"
"WA","AZ","m","4","0.001041232"
"WA","AZ","m","5","0.00070449"
"WA","AZ","m","6","0.00070449"
"WA","AZ","m","7","0.00070449"
"WA","AZ","m","8","0.00070449"
"WA","AZ","m","9","0.00070449"
"WA","AZ","m","10","0.000551359"
"WA","AZ","m","11","0.000551359"
"WA","AZ","m","12","0.000551359"
"WA","AZ","m","13","0.000551359"
"WA","AZ","m","14","0.000551359"
"WA","AZ","m","15","0.001153911"
"WA","AZ","m","16","0.001153911"
"WA","AZ","m","17","0.001153911"
"WA","AZ","m","18","0.001153911"
"WA","AZ","m","19","0.001153911"
"WA","AZ","m","20","0.001838738"
"WA","AZ","m","21","0.001838738"
"WA","AZ","m","22","0.001838738"
"WA","AZ","m","23","0.001838738"
"WA","AZ","m","24","0.001838738"
"WA","AZ","m","25","0.002136614"
"WA","AZ","m","26","0.002136614"
"WA","AZ","m","27","0.002136614"
"WA","AZ","m","28","0.002136614"
"WA","AZ","m","29","0.002136614"
"WA","AZ","m","30","0.00123142"
"WA","AZ","m","31","0.00123142"
"WA","AZ","m","32","0.00123142"
"WA","AZ","m","33","0.00123142"
"WA","AZ","m","34","0.00123142"
"WA","AZ","m","35","0.001335438"
"WA","AZ","m","36","0.001335438"
"WA","AZ","m","37","0.001335438"
"WA","AZ","m","38","0.001335438"
"WA","AZ","m","39","0.001335438"
"WA","AZ","m","40","0.000769345"
"WA","AZ","m","41","0.000769345"
"WA","AZ","m","42","0.000769345"
"WA","AZ","m","43","0.000769345"
"WA","AZ","m","44","0.000769345"
"WA","AZ","m","45","0.000814751"
"WA","AZ","m","46","0.000814751"
"WA","AZ","m","47","0.000814751"
"WA","AZ","m","48","0.000814751"
"WA","AZ","m","49","0.000814751"
"WA","AZ","m","50","0.000616385"
"WA","AZ","m","51","0.000616385"
"WA","AZ","m","52","0.000616385"
"WA","AZ","m","53","0.000616385"
"WA","AZ","m","54","0.000616385"
"WA","AZ","m","55","0.001031788"
"WA","AZ","m","56","0.001031788"
"WA","AZ","m","57","0.001031788"
"WA","AZ","m","58","0.001031788"
"WA","AZ","m","59","0.001031788"
"WA","AZ","m","60","0.001542132"
"WA","AZ","m","61","0.001542132"
"WA","AZ","m","62","0.001542132"
"WA","AZ","m","63","0.001542132"
"WA","AZ","m","64","0.001542132"
"WA","AZ","m","65","0.002388797"
"WA","AZ","m","66","0.002388797"
"WA","AZ","m","67","0.002388797"
"WA","AZ","m","68","0.002388797"
"WA","AZ","m","69","0.002388797"
"WA","AZ","m","70","0.00297114"
"WA","AZ","m","71","0.00297114"
"WA","AZ","m","72","0.00297114"
"WA","AZ","m","73","0.00297114"
"WA","AZ","m","74","0.00297114"
"WA","AZ","m","75","0.002410781"
"WA","AZ","m","76","0.002410781"
"WA","AZ","m","77","0.002410781"
"WA","AZ","m","78","0.002410781"
"WA","AZ","m","79","0.002410781"
"WA","AZ","m","80","0.001416383"
"WA","AZ","m","81","0.001416383"
"WA","AZ","m","82","0.001416383"
"WA","AZ","m","83","0.001416383"
"WA","AZ","m","84","0.001416383"
"WA","AZ","m","85","0.001149832"
"WA","AZ","m","86","0.001149832"
"WA","AZ","m","87","0.001149832"
"WA","AZ","m","88","0.001149832"
"WA","AZ","m","89","0.001149832"
"WA","AZ","m","90","0"
"WA","AZ","m","91","0"
"WA","AZ","m","92","0"
"WA","AZ","m","93","0"
"WA","AZ","m","94","0"
"WA","AZ","m","95","0"
"WA","AZ","m","96","0"
"WA","AZ","m","97","0"
"WA","AZ","m","98","0"
"WA","AZ","m","99","0"
"WA","AZ","m","100","0"
"WA","AZ","f","0","0.001233796"
"WA","AZ","f","1","0.001233796"
"WA","AZ","f","2","0.001233796"
"WA","AZ","f","3","0.001233796"
"WA","AZ","f","4","0.001233796"
"WA","AZ","f","5","0.000764682"
"WA","AZ","f","6","0.000764682"
"WA","AZ","f","7","0.000764682"
"WA","AZ","f","8","0.000764682"
"WA","AZ","f","9","0.000764682"
"WA","AZ","f","10","0.000590461"
"WA","AZ","f","11","0.000590461"
"WA","AZ","f","12","0.000590461"
"WA","AZ","f","13","0.000590461"
"WA","AZ","f","14","0.000590461"
"WA","AZ","f","15","0.001437768"
"WA","AZ","f","16","0.001437768"
"WA","AZ","f","17","0.001437768"
"WA","AZ","f","18","0.001437768"
"WA","AZ","f","19","0.001437768"
"WA","AZ","f","20","0.001731117"
"WA","AZ","f","21","0.001731117"
"WA","AZ","f","22","0.001731117"
"WA","AZ","f","23","0.001731117"
"WA","AZ","f","24","0.001731117"
"WA","AZ","f","25","0.001266609"
"WA","AZ","f","26","0.001266609"
"WA","AZ","f","27","0.001266609"
"WA","AZ","f","28","0.001266609"
"WA","AZ","f","29","0.001266609"
"WA","AZ","f","30","0.001338555"
"WA","AZ","f","31","0.001338555"
"WA","AZ","f","32","0.001338555"
"WA","AZ","f","33","0.001338555"
"WA","AZ","f","34","0.001338555"
"WA","AZ","f","35","0.000790422"
"WA","AZ","f","36","0.000790422"
"WA","AZ","f","37","0.000790422"
"WA","AZ","f","38","0.000790422"
"WA","AZ","f","39","0.000790422"
"WA","AZ","f","40","0.000715491"
"WA","AZ","f","41","0.000715491"
"WA","AZ","f","42","0.000715491"
"WA","AZ","f","43","0.000715491"
"WA","AZ","f","44","0.000715491"
"WA","AZ","f","45","0.000813266"
"WA","AZ","f","46","0.000813266"
"WA","AZ","f","47","0.000813266"
"WA","AZ","f","48","0.000813266"
"WA","AZ","f","49","0.000813266"
"WA","AZ","f","50","0.000970658"
"WA","AZ","f","51","0.000970658"
"WA","AZ","f","52","0.000970658"
"WA","AZ","f","53","0.000970658"
"WA","AZ","f","54","0.000970658"
"WA","AZ","f","55","0.001088627"
"WA","AZ","f","56","0.001088627"
"WA","AZ","f","57","0.001088627"
"WA","AZ","f","58","0.001088627"
"WA","AZ","f","59","0.001088627"
"WA","AZ","f","60","0.002265957"
"WA","AZ","f","61","0.002265957"
"WA","AZ","f","62","0.002265957"
"WA","AZ","f","63","0.002265957"
"WA","AZ","f","64","0.002265957"
"WA","AZ","f","65","0.002541836"
"WA","AZ","f","66","0.002541836"
"WA","AZ","f","67","0.002541836"
"WA","AZ","f","68","0.002541836"
"WA","AZ","f","69","0.002541836"
"WA","AZ","f","70","0.001823306"
"WA","AZ","f","71","0.001823306"
"WA","AZ","f","72","0.001823306"
"WA","AZ","f","73","0.001823306"
"WA","AZ","f","74","0.001823306"
"WA","AZ","f","75","0.001512689"
"WA","AZ","f","76","0.001512689"
"WA","AZ","f","77","0.001512689"
"WA","AZ","f","78","0.001512689"
"WA","AZ","f","79","0.001512689"
"WA","AZ","f","80","0.000729019"
"WA","AZ","f","81","0.000729019"
"WA","AZ","f","82","0.000729019"
"WA","AZ","f","83","0.000729019"
"WA","AZ","f","84","0.000729019"
"WA","AZ","f","85","0.0010669"
"WA","AZ","f","86","0.0010669"
"WA","AZ","f","87","0.0010669"
"WA","AZ","f","88","0.0010669"
"WA","AZ","f","89","0.0010669"
"WA","AZ","f","90","0.001489638"
"WA","AZ","f","91","0.001489638"
"WA","AZ","f","92","0.001489638"
"WA","AZ","f","93","0.001489638"
"WA","AZ","f","94","0.001489638"
"WA","AZ","f","95","0"
"WA","AZ","f","96","0"
"WA","AZ","f","97","0"
"WA","AZ","f","98","0"
"WA","AZ","f","99","0"
"WA","AZ","f","100","0"
"WA","CA","m","0","0.002751612"
"WA","CA","m","1","0.002751612"
"WA","CA","m","2","0.002751612"
"WA","CA","m","3","0.002751612"
"WA","CA","m","4","0.002751612"
"WA","CA","m","5","0.00311538"
"WA","CA","m","6","0.00311538"
"WA","CA","m","7","0.00311538"
"WA","CA","m","8","0.00311538"
"WA","CA","m","9","0.00311538"
"WA","CA","m","10","0.002118302"
"WA","CA","m","11","0.002118302"
"WA","CA","m","12","0.002118302"
"WA","CA","m","13","0.002118302"
"WA","CA","m","14","0.002118302"
"WA","CA","m","15","0.004371659"
"WA","CA","m","16","0.004371659"
"WA","CA","m","17","0.004371659"
"WA","CA","m","18","0.004371659"
"WA","CA","m","19","0.004371659"
"WA","CA","m","20","0.006649422"
"WA","CA","m","21","0.006649422"
"WA","CA","m","22","0.006649422"
"WA","CA","m","23","0.006649422"
"WA","CA","m","24","0.006649422"
"WA","CA","m","25","0.006231904"
"WA","CA","m","26","0.006231904"
"WA","CA","m","27","0.006231904"
"WA","CA","m","28","0.006231904"
"WA","CA","m","29","0.006231904"
"WA","CA","m","30","0.005212916"
"WA","CA","m","31","0.005212916"
"WA","CA","m","32","0.005212916"
"WA","CA","m","33","0.005212916"
"WA","CA","m","34","0.005212916"
"WA","CA","m","35","0.004404197"
"WA","CA","m","36","0.004404197"
"WA","CA","m","37","0.004404197"
"WA","CA","m","38","0.004404197"
"WA","CA","m","39","0.004404197"
"WA","CA","m","40","0.002853339"
"WA","CA","m","41","0.002853339"
"WA","CA","m","42","0.002853339"
"WA","CA","m","43","0.002853339"
"WA","CA","m","44","0.002853339"
"WA","CA","m","45","0.002016683"
"WA","CA","m","46","0.002016683"
"WA","CA","m","47","0.002016683"
"WA","CA","m","48","0.002016683"
"WA","CA","m","49","0.002016683"
"WA","CA","m","50","0.00168644"
"WA","CA","m","51","0.00168644"
"WA","CA","m","52","0.00168644"
"WA","CA","m","53","0.00168644"
"WA","CA","m","54","0.00168644"
"WA","CA","m","55","0.001586902"
"WA","CA","m","56","0.001586902"
"WA","CA","m","57","0.001586902"
"WA","CA","m","58","0.001586902"
"WA","CA","m","59","0.001586902"
"WA","CA","m","60","0.002140966"
"WA","CA","m","61","0.002140966"
"WA","CA","m","62","0.002140966"
"WA","CA","m","63","0.002140966"
"WA","CA","m","64","0.002140966"
"WA","CA","m","65","0.001343089"
"WA","CA","m","66","0.001343089"
"WA","CA","m","67","0.001343089"
"WA","CA","m","68","0.001343089"
"WA","CA","m","69","0.001343089"
"WA","CA","m","70","0.00099038"
"WA","CA","m","71","0.00099038"
"WA","CA","m","72","0.00099038"
"WA","CA","m","73","0.00099038"
"WA","CA","m","74","0.00099038"
"WA","CA","m","75","0.002184298"
"WA","CA","m","76","0.002184298"
"WA","CA","m","77","0.002184298"
"WA","CA","m","78","0.002184298"
"WA","CA","m","79","0.002184298"
"WA","CA","m","80","0.002742062"
"WA","CA","m","81","0.002742062"
"WA","CA","m","82","0.002742062"
"WA","CA","m","83","0.002742062"
"WA","CA","m","84","0.002742062"
"WA","CA","m","85","0.002522211"
"WA","CA","m","86","0.002522211"
"WA","CA","m","87","0.002522211"
"WA","CA","m","88","0.002522211"
"WA","CA","m","89","0.002522211"
"WA","CA","m","90","0.000685753"
"WA","CA","m","91","0.000685753"
"WA","CA","m","92","0.000685753"
"WA","CA","m","93","0.000685753"
"WA","CA","m","94","0.000685753"
"WA","CA","m","95","0"
"WA","CA","m","96","0"
"WA","CA","m","97","0"
"WA","CA","m","98","0"
"WA","CA","m","99","0"
"WA","CA","m","100","0"
"WA","CA","f","0","0.002778001"
"WA","CA","f","1","0.002778001"
"WA","CA","f","2","0.002778001"
"WA","CA","f","3","0.002778001"
"WA","CA","f","4","0.002778001"
"WA","CA","f","5","0.00314635"
"WA","CA","f","6","0.00314635"
"WA","CA","f","7","0.00314635"
"WA","CA","f","8","0.00314635"
"WA","CA","f","9","0.00314635"
"WA","CA","f","10","0.002021787"
"WA","CA","f","11","0.002021787"
"WA","CA","f","12","0.002021787"
"WA","CA","f","13","0.002021787"
"WA","CA","f","14","0.002021787"
"WA","CA","f","15","0.004199558"
"WA","CA","f","16","0.004199558"
"WA","CA","f","17","0.004199558"
"WA","CA","f","18","0.004199558"
"WA","CA","f","19","0.004199558"
"WA","CA","f","20","0.005950165"
"WA","CA","f","21","0.005950165"
"WA","CA","f","22","0.005950165"
"WA","CA","f","23","0.005950165"
"WA","CA","f","24","0.005950165"
"WA","CA","f","25","0.006254235"
"WA","CA","f","26","0.006254235"
"WA","CA","f","27","0.006254235"
"WA","CA","f","28","0.006254235"
"WA","CA","f","29","0.006254235"
"WA","CA","f","30","0.004275695"
"WA","CA","f","31","0.004275695"
"WA","CA","f","32","0.004275695"
"WA","CA","f","33","0.004275695"
"WA","CA","f","34","0.004275695"
"WA","CA","f","35","0.002820403"
"WA","CA","f","36","0.002820403"
"WA","CA","f","37","0.002820403"
"WA","CA","f","38","0.002820403"
"WA","CA","f","39","0.002820403"
"WA","CA","f","40","0.002642816"
"WA","CA","f","41","0.002642816"
"WA","CA","f","42","0.002642816"
"WA","CA","f","43","0.002642816"
"WA","CA","f","44","0.002642816"
"WA","CA","f","45","0.001695002"
"WA","CA","f","46","0.001695002"
"WA","CA","f","47","0.001695002"
"WA","CA","f","48","0.001695002"
"WA","CA","f","49","0.001695002"
"WA","CA","f","50","0.001479744"
"WA","CA","f","51","0.001479744"
"WA","CA","f","52","0.001479744"
"WA","CA","f","53","0.001479744"
"WA","CA","f","54","0.001479744"
"WA","CA","f","55","0.00204407"
"WA","CA","f","56","0.00204407"
"WA","CA","f","57","0.00204407"
"WA","CA","f","58","0.00204407"
"WA","CA","f","59","0.00204407"
"WA","CA","f","60","0.002054624"
"WA","CA","f","61","0.002054624"
"WA","CA","f","62","0.002054624"
"WA","CA","f","63","0.002054624"
"WA","CA","f","64","0.002054624"
"WA","CA","f","65","0.001498512"
"WA","CA","f","66","0.001498512"
"WA","CA","f","67","0.001498512"
"WA","CA","f","68","0.001498512"
"WA","CA","f","69","0.001498512"
"WA","CA","f","70","0.002833775"
"WA","CA","f","71","0.002833775"
"WA","CA","f","72","0.002833775"
"WA","CA","f","73","0.002833775"
"WA","CA","f","74","0.002833775"
"WA","CA","f","75","0.001953718"
"WA","CA","f","76","0.001953718"
"WA","CA","f","77","0.001953718"
"WA","CA","f","78","0.001953718"
"WA","CA","f","79","0.001953718"
"WA","CA","f","80","0.000809463"
"WA","CA","f","81","0.000809463"
"WA","CA","f","82","0.000809463"
"WA","CA","f","83","0.000809463"
"WA","CA","f","84","0.000809463"
"WA","CA","f","85","0.001574947"
"WA","CA","f","86","0.001574947"
"WA","CA","f","87","0.001574947"
"WA","CA","f","88","0.001574947"
"WA","CA","f","89","0.001574947"
"WA","CA","f","90","0.001567455"
"WA","CA","f","91","0.001567455"
"WA","CA","f","92","0.001567455"
"WA","CA","f","93","0.001567455"
"WA","CA","f","94","0.001567455"
"WA","CA","f","95","0"
"WA","CA","f","96","0"
"WA","CA","f","97","0"
"WA","CA","f","98","0"
"WA","CA","f","99","0"
"WA","CA","f","100","0"
"WA","CO","m","0","0.00027006"
"WA","CO","m","1","0.00027006"
"WA","CO","m","2","0.00027006"
"WA","CO","m","3","0.00027006"
"WA","CO","m","4","0.00027006"
"WA","CO","m","5","0.000285401"
"WA","CO","m","6","0.000285401"
"WA","CO","m","7","0.000285401"
"WA","CO","m","8","0.000285401"
"WA","CO","m","9","0.000285401"
"WA","CO","m","10","0.000602439"
"WA","CO","m","11","0.000602439"
"WA","CO","m","12","0.000602439"
"WA","CO","m","13","0.000602439"
"WA","CO","m","14","0.000602439"
"WA","CO","m","15","0.000945805"
"WA","CO","m","16","0.000945805"
"WA","CO","m","17","0.000945805"
"WA","CO","m","18","0.000945805"
"WA","CO","m","19","0.000945805"
"WA","CO","m","20","0.001107329"
"WA","CO","m","21","0.001107329"
"WA","CO","m","22","0.001107329"
"WA","CO","m","23","0.001107329"
"WA","CO","m","24","0.001107329"
"WA","CO","m","25","0.000969228"
"WA","CO","m","26","0.000969228"
"WA","CO","m","27","0.000969228"
"WA","CO","m","28","0.000969228"
"WA","CO","m","29","0.000969228"
"WA","CO","m","30","0.000612866"
"WA","CO","m","31","0.000612866"
"WA","CO","m","32","0.000612866"
"WA","CO","m","33","0.000612866"
"WA","CO","m","34","0.000612866"
"WA","CO","m","35","0.000697379"
"WA","CO","m","36","0.000697379"
"WA","CO","m","37","0.000697379"
"WA","CO","m","38","0.000697379"
"WA","CO","m","39","0.000697379"
"WA","CO","m","40","0.000528396"
"WA","CO","m","41","0.000528396"
"WA","CO","m","42","0.000528396"
"WA","CO","m","43","0.000528396"
"WA","CO","m","44","0.000528396"
"WA","CO","m","45","0.000441498"
"WA","CO","m","46","0.000441498"
"WA","CO","m","47","0.000441498"
"WA","CO","m","48","0.000441498"
"WA","CO","m","49","0.000441498"
"WA","CO","m","50","0.000336461"
"WA","CO","m","51","0.000336461"
"WA","CO","m","52","0.000336461"
"WA","CO","m","53","0.000336461"
"WA","CO","m","54","0.000336461"
"WA","CO","m","55","0.000165931"
"WA","CO","m","56","0.000165931"
"WA","CO","m","57","0.000165931"
"WA","CO","m","58","0.000165931"
"WA","CO","m","59","0.000165931"
"WA","CO","m","60","0.000303833"
"WA","CO","m","61","0.000303833"
"WA","CO","m","62","0.000303833"
"WA","CO","m","63","0.000303833"
"WA","CO","m","64","0.000303833"
"WA","CO","m","65","0.00035832"
"WA","CO","m","66","0.00035832"
"WA","CO","m","67","0.00035832"
"WA","CO","m","68","0.00035832"
"WA","CO","m","69","0.00035832"
"WA","CO","m","70","0.0000518"
"WA","CO","m","71","0.0000518"
"WA","CO","m","72","0.0000518"
"WA","CO","m","73","0.0000518"
"WA","CO","m","74","0.0000518"
"WA","CO","m","75","0.000140922"
"WA","CO","m","76","0.000140922"
"WA","CO","m","77","0.000140922"
"WA","CO","m","78","0.000140922"
"WA","CO","m","79","0.000140922"
"WA","CO","m","80","0.000104659"
"WA","CO","m","81","0.000104659"
"WA","CO","m","82","0.000104659"
"WA","CO","m","83","0.000104659"
"WA","CO","m","84","0.000104659"
"WA","CO","m","85","0"
"WA","CO","m","86","0"
"WA","CO","m","87","0"
"WA","CO","m","88","0"
"WA","CO","m","89","0"
"WA","CO","m","90","0.000395627"
"WA","CO","m","91","0.000395627"
"WA","CO","m","92","0.000395627"
"WA","CO","m","93","0.000395627"
"WA","CO","m","94","0.000395627"
"WA","CO","m","95","0"
"WA","CO","m","96","0"
"WA","CO","m","97","0"
"WA","CO","m","98","0"
"WA","CO","m","99","0"
"WA","CO","m","100","0"
"WA","CO","f","0","0.000418581"
"WA","CO","f","1","0.000418581"
"WA","CO","f","2","0.000418581"
"WA","CO","f","3","0.000418581"
"WA","CO","f","4","0.000418581"
"WA","CO","f","5","0.000599001"
"WA","CO","f","6","0.000599001"
"WA","CO","f","7","0.000599001"
"WA","CO","f","8","0.000599001"
"WA","CO","f","9","0.000599001"
"WA","CO","f","10","0.000476078"
"WA","CO","f","11","0.000476078"
"WA","CO","f","12","0.000476078"
"WA","CO","f","13","0.000476078"
"WA","CO","f","14","0.000476078"
"WA","CO","f","15","0.000964579"
"WA","CO","f","16","0.000964579"
"WA","CO","f","17","0.000964579"
"WA","CO","f","18","0.000964579"
"WA","CO","f","19","0.000964579"
"WA","CO","f","20","0.001015452"
"WA","CO","f","21","0.001015452"
"WA","CO","f","22","0.001015452"
"WA","CO","f","23","0.001015452"
"WA","CO","f","24","0.001015452"
"WA","CO","f","25","0.000949957"
"WA","CO","f","26","0.000949957"
"WA","CO","f","27","0.000949957"
"WA","CO","f","28","0.000949957"
"WA","CO","f","29","0.000949957"
"WA","CO","f","30","0.000901235"
"WA","CO","f","31","0.000901235"
"WA","CO","f","32","0.000901235"
"WA","CO","f","33","0.000901235"
"WA","CO","f","34","0.000901235"
"WA","CO","f","35","0.000525963"
"WA","CO","f","36","0.000525963"
"WA","CO","f","37","0.000525963"
"WA","CO","f","38","0.000525963"
"WA","CO","f","39","0.000525963"
"WA","CO","f","40","0.000609546"
"WA","CO","f","41","0.000609546"
"WA","CO","f","42","0.000609546"
"WA","CO","f","43","0.000609546"
"WA","CO","f","44","0.000609546"
"WA","CO","f","45","0.000336765"
"WA","CO","f","46","0.000336765"
"WA","CO","f","47","0.000336765"
"WA","CO","f","48","0.000336765"
"WA","CO","f","49","0.000336765"
"WA","CO","f","50","0.000309524"
"WA","CO","f","51","0.000309524"
"WA","CO","f","52","0.000309524"
"WA","CO","f","53","0.000309524"
"WA","CO","f","54","0.000309524"
"WA","CO","f","55","0.000225832"
"WA","CO","f","56","0.000225832"
"WA","CO","f","57","0.000225832"
"WA","CO","f","58","0.000225832"
"WA","CO","f","59","0.000225832"
"WA","CO","f","60","0.000253264"
"WA","CO","f","61","0.000253264"
"WA","CO","f","62","0.000253264"
"WA","CO","f","63","0.000253264"
"WA","CO","f","64","0.000253264"
"WA","CO","f","65","0.000256888"
"WA","CO","f","66","0.000256888"
"WA","CO","f","67","0.000256888"
"WA","CO","f","68","0.000256888"
"WA","CO","f","69","0.000256888"
"WA","CO","f","70","0.0000446"
"WA","CO","f","71","0.0000446"
"WA","CO","f","72","0.0000446"
"WA","CO","f","73","0.0000446"
"WA","CO","f","74","0.0000446"
"WA","CO","f","75","0.000177236"
"WA","CO","f","76","0.000177236"
"WA","CO","f","77","0.000177236"
"WA","CO","f","78","0.000177236"
"WA","CO","f","79","0.000177236"
"WA","CO","f","80","0.000140776"
"WA","CO","f","81","0.000140776"
"WA","CO","f","82","0.000140776"
"WA","CO","f","83","0.000140776"
"WA","CO","f","84","0.000140776"
"WA","CO","f","85","0.000116125"
"WA","CO","f","86","0.000116125"
"WA","CO","f","87","0.000116125"
"WA","CO","f","88","0.000116125"
"WA","CO","f","89","0.000116125"
"WA","CO","f","90","0.000589185"
"WA","CO","f","91","0.000589185"
"WA","CO","f","92","0.000589185"
"WA","CO","f","93","0.000589185"
"WA","CO","f","94","0.000589185"
"WA","CO","f","95","0"
"WA","CO","f","96","0"
"WA","CO","f","97","0"
"WA","CO","f","98","0"
"WA","CO","f","99","0"
"WA","CO","f","100","0"
"WA","CT","m","0","0.00027156"
"WA","CT","m","1","0.00027156"
"WA","CT","m","2","0.00027156"
"WA","CT","m","3","0.00027156"
"WA","CT","m","4","0.00027156"
"WA","CT","m","5","0.00016373"
"WA","CT","m","6","0.00016373"
"WA","CT","m","7","0.00016373"
"WA","CT","m","8","0.00016373"
"WA","CT","m","9","0.00016373"
"WA","CT","m","10","0"
"WA","CT","m","11","0"
"WA","CT","m","12","0"
"WA","CT","m","13","0"
"WA","CT","m","14","0"
"WA","CT","m","15","0.000179402"
"WA","CT","m","16","0.000179402"
"WA","CT","m","17","0.000179402"
"WA","CT","m","18","0.000179402"
"WA","CT","m","19","0.000179402"
"WA","CT","m","20","0.00020839"
"WA","CT","m","21","0.00020839"
"WA","CT","m","22","0.00020839"
"WA","CT","m","23","0.00020839"
"WA","CT","m","24","0.00020839"
"WA","CT","m","25","0.00022512"
"WA","CT","m","26","0.00022512"
"WA","CT","m","27","0.00022512"
"WA","CT","m","28","0.00022512"
"WA","CT","m","29","0.00022512"
"WA","CT","m","30","0.000203341"
"WA","CT","m","31","0.000203341"
"WA","CT","m","32","0.000203341"
"WA","CT","m","33","0.000203341"
"WA","CT","m","34","0.000203341"
"WA","CT","m","35","0.000283582"
"WA","CT","m","36","0.000283582"
"WA","CT","m","37","0.000283582"
"WA","CT","m","38","0.000283582"
"WA","CT","m","39","0.000283582"
"WA","CT","m","40","0.0000521"
"WA","CT","m","41","0.0000521"
"WA","CT","m","42","0.0000521"
"WA","CT","m","43","0.0000521"
"WA","CT","m","44","0.0000521"
"WA","CT","m","45","0.0000209"
"WA","CT","m","46","0.0000209"
"WA","CT","m","47","0.0000209"
"WA","CT","m","48","0.0000209"
"WA","CT","m","49","0.0000209"
"WA","CT","m","50","0.0000234"
"WA","CT","m","51","0.0000234"
"WA","CT","m","52","0.0000234"
"WA","CT","m","53","0.0000234"
"WA","CT","m","54","0.0000234"
"WA","CT","m","55","0.0000196"
"WA","CT","m","56","0.0000196"
"WA","CT","m","57","0.0000196"
"WA","CT","m","58","0.0000196"
"WA","CT","m","59","0.0000196"
"WA","CT","m","60","0"
"WA","CT","m","61","0"
"WA","CT","m","62","0"
"WA","CT","m","63","0"
"WA","CT","m","64","0"
"WA","CT","m","65","0"
"WA","CT","m","66","0"
"WA","CT","m","67","0"
"WA","CT","m","68","0"
"WA","CT","m","69","0"
"WA","CT","m","70","0"
"WA","CT","m","71","0"
"WA","CT","m","72","0"
"WA","CT","m","73","0"
"WA","CT","m","74","0"
"WA","CT","m","75","0"
"WA","CT","m","76","0"
"WA","CT","m","77","0"
"WA","CT","m","78","0"
"WA","CT","m","79","0"
"WA","CT","m","80","0.000132568"
"WA","CT","m","81","0.000132568"
"WA","CT","m","82","0.000132568"
"WA","CT","m","83","0.000132568"
"WA","CT","m","84","0.000132568"
"WA","CT","m","85","0"
"WA","CT","m","86","0"
"WA","CT","m","87","0"
"WA","CT","m","88","0"
"WA","CT","m","89","0"
"WA","CT","m","90","0"
"WA","CT","m","91","0"
"WA","CT","m","92","0"
"WA","CT","m","93","0"
"WA","CT","m","94","0"
"WA","CT","m","95","0"
"WA","CT","m","96","0"
"WA","CT","m","97","0"
"WA","CT","m","98","0"
"WA","CT","m","99","0"
"WA","CT","m","100","0"
"WA","CT","f","0","0.000230455"
"WA","CT","f","1","0.000230455"
"WA","CT","f","2","0.000230455"
"WA","CT","f","3","0.000230455"
"WA","CT","f","4","0.000230455"
"WA","CT","f","5","0.000151343"
"WA","CT","f","6","0.000151343"
"WA","CT","f","7","0.000151343"
"WA","CT","f","8","0.000151343"
"WA","CT","f","9","0.000151343"
"WA","CT","f","10","0.0000294"
"WA","CT","f","11","0.0000294"
"WA","CT","f","12","0.0000294"
"WA","CT","f","13","0.0000294"
"WA","CT","f","14","0.0000294"
"WA","CT","f","15","0.000241145"
"WA","CT","f","16","0.000241145"
"WA","CT","f","17","0.000241145"
"WA","CT","f","18","0.000241145"
"WA","CT","f","19","0.000241145"
"WA","CT","f","20","0.000263048"
"WA","CT","f","21","0.000263048"
"WA","CT","f","22","0.000263048"
"WA","CT","f","23","0.000263048"
"WA","CT","f","24","0.000263048"
"WA","CT","f","25","0.000260359"
"WA","CT","f","26","0.000260359"
"WA","CT","f","27","0.000260359"
"WA","CT","f","28","0.000260359"
"WA","CT","f","29","0.000260359"
"WA","CT","f","30","0.000407772"
"WA","CT","f","31","0.000407772"
"WA","CT","f","32","0.000407772"
"WA","CT","f","33","0.000407772"
"WA","CT","f","34","0.000407772"
"WA","CT","f","35","0.000261504"
"WA","CT","f","36","0.000261504"
"WA","CT","f","37","0.000261504"
"WA","CT","f","38","0.000261504"
"WA","CT","f","39","0.000261504"
"WA","CT","f","40","0.0000769189"
"WA","CT","f","41","0.0000769189"
"WA","CT","f","42","0.0000769189"
"WA","CT","f","43","0.0000769189"
"WA","CT","f","44","0.0000769189"
"WA","CT","f","45","0.000122968"
"WA","CT","f","46","0.000122968"
"WA","CT","f","47","0.000122968"
"WA","CT","f","48","0.000122968"
"WA","CT","f","49","0.000122968"
"WA","CT","f","50","0.0000204"
"WA","CT","f","51","0.0000204"
"WA","CT","f","52","0.0000204"
"WA","CT","f","53","0.0000204"
"WA","CT","f","54","0.0000204"
"WA","CT","f","55","0"
"WA","CT","f","56","0"
"WA","CT","f","57","0"
"WA","CT","f","58","0"
"WA","CT","f","59","0"
"WA","CT","f","60","0"
"WA","CT","f","61","0"
"WA","CT","f","62","0"
"WA","CT","f","63","0"
"WA","CT","f","64","0"
"WA","CT","f","65","0"
"WA","CT","f","66","0"
"WA","CT","f","67","0"
"WA","CT","f","68","0"
"WA","CT","f","69","0"
"WA","CT","f","70","0"
"WA","CT","f","71","0"
"WA","CT","f","72","0"
"WA","CT","f","73","0"
"WA","CT","f","74","0"
"WA","CT","f","75","0.0000659"
"WA","CT","f","76","0.0000659"
"WA","CT","f","77","0.0000659"
"WA","CT","f","78","0.0000659"
"WA","CT","f","79","0.0000659"
"WA","CT","f","80","0"
"WA","CT","f","81","0"
"WA","CT","f","82","0"
"WA","CT","f","83","0"
"WA","CT","f","84","0"
"WA","CT","f","85","0"
"WA","CT","f","86","0"
"WA","CT","f","87","0"
"WA","CT","f","88","0"
"WA","CT","f","89","0"
"WA","CT","f","90","0"
"WA","CT","f","91","0"
"WA","CT","f","92","0"
"WA","CT","f","93","0"
"WA","CT","f","94","0"
"WA","CT","f","95","0"
"WA","CT","f","96","0"
"WA","CT","f","97","0"
"WA","CT","f","98","0"
"WA","CT","f","99","0"
"WA","CT","f","100","0"
"WA","DC","m","0","0"
"WA","DC","m","1","0"
"WA","DC","m","2","0"
"WA","DC","m","3","0"
"WA","DC","m","4","0"
"WA","DC","m","5","0"
"WA","DC","m","6","0"
"WA","DC","m","7","0"
"WA","DC","m","8","0"
"WA","DC","m","9","0"
"WA","DC","m","10","0"
"WA","DC","m","11","0"
"WA","DC","m","12","0"
"WA","DC","m","13","0"
"WA","DC","m","14","0"
"WA","DC","m","15","0.0000932888"
"WA","DC","m","16","0.0000932888"
"WA","DC","m","17","0.0000932888"
"WA","DC","m","18","0.0000932888"
"WA","DC","m","19","0.0000932888"
"WA","DC","m","20","0.000140289"
"WA","DC","m","21","0.000140289"
"WA","DC","m","22","0.000140289"
"WA","DC","m","23","0.000140289"
"WA","DC","m","24","0.000140289"
"WA","DC","m","25","0.000134802"
"WA","DC","m","26","0.000134802"
"WA","DC","m","27","0.000134802"
"WA","DC","m","28","0.000134802"
"WA","DC","m","29","0.000134802"
"WA","DC","m","30","0.000037"
"WA","DC","m","31","0.000037"
"WA","DC","m","32","0.000037"
"WA","DC","m","33","0.000037"
"WA","DC","m","34","0.000037"
"WA","DC","m","35","0.0000622"
"WA","DC","m","36","0.0000622"
"WA","DC","m","37","0.0000622"
"WA","DC","m","38","0.0000622"
"WA","DC","m","39","0.0000622"
"WA","DC","m","40","0.000107088"
"WA","DC","m","41","0.000107088"
"WA","DC","m","42","0.000107088"
"WA","DC","m","43","0.000107088"
"WA","DC","m","44","0.000107088"
"WA","DC","m","45","0"
"WA","DC","m","46","0"
"WA","DC","m","47","0"
"WA","DC","m","48","0"
"WA","DC","m","49","0"
"WA","DC","m","50","0.0000386"
"WA","DC","m","51","0.0000386"
"WA","DC","m","52","0.0000386"
"WA","DC","m","53","0.0000386"
"WA","DC","m","54","0.0000386"
"WA","DC","m","55","0.0000226"
"WA","DC","m","56","0.0000226"
"WA","DC","m","57","0.0000226"
"WA","DC","m","58","0.0000226"
"WA","DC","m","59","0.0000226"
"WA","DC","m","60","0.0000424"
"WA","DC","m","61","0.0000424"
"WA","DC","m","62","0.0000424"
"WA","DC","m","63","0.0000424"
"WA","DC","m","64","0.0000424"
"WA","DC","m","65","0"
"WA","DC","m","66","0"
"WA","DC","m","67","0"
"WA","DC","m","68","0"
"WA","DC","m","69","0"
"WA","DC","m","70","0"
"WA","DC","m","71","0"
"WA","DC","m","72","0"
"WA","DC","m","73","0"
"WA","DC","m","74","0"
"WA","DC","m","75","0"
"WA","DC","m","76","0"
"WA","DC","m","77","0"
"WA","DC","m","78","0"
"WA","DC","m","79","0"
"WA","DC","m","80","0"
"WA","DC","m","81","0"
"WA","DC","m","82","0"
"WA","DC","m","83","0"
"WA","DC","m","84","0"
"WA","DC","m","85","0"
"WA","DC","m","86","0"
"WA","DC","m","87","0"
"WA","DC","m","88","0"
"WA","DC","m","89","0"
"WA","DC","m","90","0"
"WA","DC","m","91","0"
"WA","DC","m","92","0"
"WA","DC","m","93","0"
"WA","DC","m","94","0"
"WA","DC","m","95","0"
"WA","DC","m","96","0"
"WA","DC","m","97","0"
"WA","DC","m","98","0"
"WA","DC","m","99","0"
"WA","DC","m","100","0"
"WA","DC","f","0","0"
"WA","DC","f","1","0"
"WA","DC","f","2","0"
"WA","DC","f","3","0"
"WA","DC","f","4","0"
"WA","DC","f","5","0"
"WA","DC","f","6","0"
"WA","DC","f","7","0"
"WA","DC","f","8","0"
"WA","DC","f","9","0"
"WA","DC","f","10","0"
"WA","DC","f","11","0"
"WA","DC","f","12","0"
"WA","DC","f","13","0"
"WA","DC","f","14","0"
"WA","DC","f","15","0.0000591"
"WA","DC","f","16","0.0000591"
"WA","DC","f","17","0.0000591"
"WA","DC","f","18","0.0000591"
"WA","DC","f","19","0.0000591"
"WA","DC","f","20","0.000101398"
"WA","DC","f","21","0.000101398"
"WA","DC","f","22","0.000101398"
"WA","DC","f","23","0.000101398"
"WA","DC","f","24","0.000101398"
"WA","DC","f","25","0.000225175"
"WA","DC","f","26","0.000225175"
"WA","DC","f","27","0.000225175"
"WA","DC","f","28","0.000225175"
"WA","DC","f","29","0.000225175"
"WA","DC","f","30","0.0000709168"
"WA","DC","f","31","0.0000709168"
"WA","DC","f","32","0.0000709168"
"WA","DC","f","33","0.0000709168"
"WA","DC","f","34","0.0000709168"
"WA","DC","f","35","0.0000458"
"WA","DC","f","36","0.0000458"
"WA","DC","f","37","0.0000458"
"WA","DC","f","38","0.0000458"
"WA","DC","f","39","0.0000458"
"WA","DC","f","40","0.0000435"
"WA","DC","f","41","0.0000435"
"WA","DC","f","42","0.0000435"
"WA","DC","f","43","0.0000435"
"WA","DC","f","44","0.0000435"
"WA","DC","f","45","0.0000852392"
"WA","DC","f","46","0.0000852392"
"WA","DC","f","47","0.0000852392"
"WA","DC","f","48","0.0000852392"
"WA","DC","f","49","0.0000852392"
"WA","DC","f","50","0.000019"
"WA","DC","f","51","0.000019"
"WA","DC","f","52","0.000019"
"WA","DC","f","53","0.000019"
"WA","DC","f","54","0.000019"
"WA","DC","f","55","0"
"WA","DC","f","56","0"
"WA","DC","f","57","0"
"WA","DC","f","58","0"
"WA","DC","f","59","0"
"WA","DC","f","60","0"
"WA","DC","f","61","0"
"WA","DC","f","62","0"
"WA","DC","f","63","0"
"WA","DC","f","64","0"
"WA","DC","f","65","0"
"WA","DC","f","66","0"
"WA","DC","f","67","0"
"WA","DC","f","68","0"
"WA","DC","f","69","0"
"WA","DC","f","70","0"
"WA","DC","f","71","0"
"WA","DC","f","72","0"
"WA","DC","f","73","0"
"WA","DC","f","74","0"
"WA","DC","f","75","0"
"WA","DC","f","76","0"
"WA","DC","f","77","0"
"WA","DC","f","78","0"
"WA","DC","f","79","0"
"WA","DC","f","80","0"
"WA","DC","f","81","0"
"WA","DC","f","82","0"
"WA","DC","f","83","0"
"WA","DC","f","84","0"
"WA","DC","f","85","0"
"WA","DC","f","86","0"
"WA","DC","f","87","0"
"WA","DC","f","88","0"
"WA","DC","f","89","0"
"WA","DC","f","90","0"
"WA","DC","f","91","0"
"WA","DC","f","92","0"
"WA","DC","f","93","0"
"WA","DC","f","94","0"
"WA","DC","f","95","0"
"WA","DC","f","96","0"
"WA","DC","f","97","0"
"WA","DC","f","98","0"
"WA","DC","f","99","0"
"WA","DC","f","100","0"
"WA","DE","m","0","0"
"WA","DE","m","1","0"
"WA","DE","m","2","0"
"WA","DE","m","3","0"
"WA","DE","m","4","0"
"WA","DE","m","5","0.0000481"
"WA","DE","m","6","0.0000481"
"WA","DE","m","7","0.0000481"
"WA","DE","m","8","0.0000481"
"WA","DE","m","9","0.0000481"
"WA","DE","m","10","0"
"WA","DE","m","11","0"
"WA","DE","m","12","0"
"WA","DE","m","13","0"
"WA","DE","m","14","0"
"WA","DE","m","15","0"
"WA","DE","m","16","0"
"WA","DE","m","17","0"
"WA","DE","m","18","0"
"WA","DE","m","19","0"
"WA","DE","m","20","0.0000313"
"WA","DE","m","21","0.0000313"
"WA","DE","m","22","0.0000313"
"WA","DE","m","23","0.0000313"
"WA","DE","m","24","0.0000313"
"WA","DE","m","25","0.0000229"
"WA","DE","m","26","0.0000229"
"WA","DE","m","27","0.0000229"
"WA","DE","m","28","0.0000229"
"WA","DE","m","29","0.0000229"
"WA","DE","m","30","0.0000156"
"WA","DE","m","31","0.0000156"
"WA","DE","m","32","0.0000156"
"WA","DE","m","33","0.0000156"
"WA","DE","m","34","0.0000156"
"WA","DE","m","35","0"
"WA","DE","m","36","0"
"WA","DE","m","37","0"
"WA","DE","m","38","0"
"WA","DE","m","39","0"
"WA","DE","m","40","0"
"WA","DE","m","41","0"
"WA","DE","m","42","0"
"WA","DE","m","43","0"
"WA","DE","m","44","0"
"WA","DE","m","45","0"
"WA","DE","m","46","0"
"WA","DE","m","47","0"
"WA","DE","m","48","0"
"WA","DE","m","49","0"
"WA","DE","m","50","0"
"WA","DE","m","51","0"
"WA","DE","m","52","0"
"WA","DE","m","53","0"
"WA","DE","m","54","0"
"WA","DE","m","55","0"
"WA","DE","m","56","0"
"WA","DE","m","57","0"
"WA","DE","m","58","0"
"WA","DE","m","59","0"
"WA","DE","m","60","0"
"WA","DE","m","61","0"
"WA","DE","m","62","0"
"WA","DE","m","63","0"
"WA","DE","m","64","0"
"WA","DE","m","65","0.0000317"
"WA","DE","m","66","0.0000317"
"WA","DE","m","67","0.0000317"
"WA","DE","m","68","0.0000317"
"WA","DE","m","69","0.0000317"
"WA","DE","m","70","0"
"WA","DE","m","71","0"
"WA","DE","m","72","0"
"WA","DE","m","73","0"
"WA","DE","m","74","0"
"WA","DE","m","75","0"
"WA","DE","m","76","0"
"WA","DE","m","77","0"
"WA","DE","m","78","0"
"WA","DE","m","79","0"
"WA","DE","m","80","0"
"WA","DE","m","81","0"
"WA","DE","m","82","0"
"WA","DE","m","83","0"
"WA","DE","m","84","0"
"WA","DE","m","85","0"
"WA","DE","m","86","0"
"WA","DE","m","87","0"
"WA","DE","m","88","0"
"WA","DE","m","89","0"
"WA","DE","m","90","0"
"WA","DE","m","91","0"
"WA","DE","m","92","0"
"WA","DE","m","93","0"
"WA","DE","m","94","0"
"WA","DE","m","95","0"
"WA","DE","m","96","0"
"WA","DE","m","97","0"
"WA","DE","m","98","0"
"WA","DE","m","99","0"
"WA","DE","m","100","0"
"WA","DE","f","0","0.0000549"
"WA","DE","f","1","0.0000549"
"WA","DE","f","2","0.0000549"
"WA","DE","f","3","0.0000549"
"WA","DE","f","4","0.0000549"
"WA","DE","f","5","0.000051"
"WA","DE","f","6","0.000051"
"WA","DE","f","7","0.000051"
"WA","DE","f","8","0.000051"
"WA","DE","f","9","0.000051"
"WA","DE","f","10","0"
"WA","DE","f","11","0"
"WA","DE","f","12","0"
"WA","DE","f","13","0"
"WA","DE","f","14","0"
"WA","DE","f","15","0"
"WA","DE","f","16","0"
"WA","DE","f","17","0"
"WA","DE","f","18","0"
"WA","DE","f","19","0"
"WA","DE","f","20","0.0000617"
"WA","DE","f","21","0.0000617"
"WA","DE","f","22","0.0000617"
"WA","DE","f","23","0.0000617"
"WA","DE","f","24","0.0000617"
"WA","DE","f","25","0.000177325"
"WA","DE","f","26","0.000177325"
"WA","DE","f","27","0.000177325"
"WA","DE","f","28","0.000177325"
"WA","DE","f","29","0.000177325"
"WA","DE","f","30","0"
"WA","DE","f","31","0"
"WA","DE","f","32","0"
"WA","DE","f","33","0"
"WA","DE","f","34","0"
"WA","DE","f","35","0"
"WA","DE","f","36","0"
"WA","DE","f","37","0"
"WA","DE","f","38","0"
"WA","DE","f","39","0"
"WA","DE","f","40","0"
"WA","DE","f","41","0"
"WA","DE","f","42","0"
"WA","DE","f","43","0"
"WA","DE","f","44","0"
"WA","DE","f","45","0"
"WA","DE","f","46","0"
"WA","DE","f","47","0"
"WA","DE","f","48","0"
"WA","DE","f","49","0"
"WA","DE","f","50","0"
"WA","DE","f","51","0"
"WA","DE","f","52","0"
"WA","DE","f","53","0"
"WA","DE","f","54","0"
"WA","DE","f","55","0"
"WA","DE","f","56","0"
"WA","DE","f","57","0"
"WA","DE","f","58","0"
"WA","DE","f","59","0"
"WA","DE","f","60","0.000238169"
"WA","DE","f","61","0.000238169"
"WA","DE","f","62","0.000238169"
"WA","DE","f","63","0.000238169"
"WA","DE","f","64","0.000238169"
"WA","DE","f","65","0.000027"
"WA","DE","f","66","0.000027"
"WA","DE","f","67","0.000027"
"WA","DE","f","68","0.000027"
"WA","DE","f","69","0.000027"
"WA","DE","f","70","0"
"WA","DE","f","71","0"
"WA","DE","f","72","0"
"WA","DE","f","73","0"
"WA","DE","f","74","0"
"WA","DE","f","75","0"
"WA","DE","f","76","0"
"WA","DE","f","77","0"
"WA","DE","f","78","0"
"WA","DE","f","79","0"
"WA","DE","f","80","0"
"WA","DE","f","81","0"
"WA","DE","f","82","0"
"WA","DE","f","83","0"
"WA","DE","f","84","0"
"WA","DE","f","85","0"
"WA","DE","f","86","0"
"WA","DE","f","87","0"
"WA","DE","f","88","0"
"WA","DE","f","89","0"
"WA","DE","f","90","0"
"WA","DE","f","91","0"
"WA","DE","f","92","0"
"WA","DE","f","93","0"
"WA","DE","f","94","0"
"WA","DE","f","95","0"
"WA","DE","f","96","0"
"WA","DE","f","97","0"
"WA","DE","f","98","0"
"WA","DE","f","99","0"
"WA","DE","f","100","0"
"WA","FL","m","0","0.000426095"
"WA","FL","m","1","0.000426095"
"WA","FL","m","2","0.000426095"
"WA","FL","m","3","0.000426095"
"WA","FL","m","4","0.000426095"
"WA","FL","m","5","0.000573807"
"WA","FL","m","6","0.000573807"
"WA","FL","m","7","0.000573807"
"WA","FL","m","8","0.000573807"
"WA","FL","m","9","0.000573807"
"WA","FL","m","10","0.000270421"
"WA","FL","m","11","0.000270421"
"WA","FL","m","12","0.000270421"
"WA","FL","m","13","0.000270421"
"WA","FL","m","14","0.000270421"
"WA","FL","m","15","0.00117831"
"WA","FL","m","16","0.00117831"
"WA","FL","m","17","0.00117831"
"WA","FL","m","18","0.00117831"
"WA","FL","m","19","0.00117831"
"WA","FL","m","20","0.001236722"
"WA","FL","m","21","0.001236722"
"WA","FL","m","22","0.001236722"
"WA","FL","m","23","0.001236722"
"WA","FL","m","24","0.001236722"
"WA","FL","m","25","0.000896434"
"WA","FL","m","26","0.000896434"
"WA","FL","m","27","0.000896434"
"WA","FL","m","28","0.000896434"
"WA","FL","m","29","0.000896434"
"WA","FL","m","30","0.001080692"
"WA","FL","m","31","0.001080692"
"WA","FL","m","32","0.001080692"
"WA","FL","m","33","0.001080692"
"WA","FL","m","34","0.001080692"
"WA","FL","m","35","0.000684358"
"WA","FL","m","36","0.000684358"
"WA","FL","m","37","0.000684358"
"WA","FL","m","38","0.000684358"
"WA","FL","m","39","0.000684358"
"WA","FL","m","40","0.000486124"
"WA","FL","m","41","0.000486124"
"WA","FL","m","42","0.000486124"
"WA","FL","m","43","0.000486124"
"WA","FL","m","44","0.000486124"
"WA","FL","m","45","0.000383003"
"WA","FL","m","46","0.000383003"
"WA","FL","m","47","0.000383003"
"WA","FL","m","48","0.000383003"
"WA","FL","m","49","0.000383003"
"WA","FL","m","50","0.00049366"
"WA","FL","m","51","0.00049366"
"WA","FL","m","52","0.00049366"
"WA","FL","m","53","0.00049366"
"WA","FL","m","54","0.00049366"
"WA","FL","m","55","0.000438962"
"WA","FL","m","56","0.000438962"
"WA","FL","m","57","0.000438962"
"WA","FL","m","58","0.000438962"
"WA","FL","m","59","0.000438962"
"WA","FL","m","60","0.000415121"
"WA","FL","m","61","0.000415121"
"WA","FL","m","62","0.000415121"
"WA","FL","m","63","0.000415121"
"WA","FL","m","64","0.000415121"
"WA","FL","m","65","0.000416821"
"WA","FL","m","66","0.000416821"
"WA","FL","m","67","0.000416821"
"WA","FL","m","68","0.000416821"
"WA","FL","m","69","0.000416821"
"WA","FL","m","70","0.000417547"
"WA","FL","m","71","0.000417547"
"WA","FL","m","72","0.000417547"
"WA","FL","m","73","0.000417547"
"WA","FL","m","74","0.000417547"
"WA","FL","m","75","0.000246614"
"WA","FL","m","76","0.000246614"
"WA","FL","m","77","0.000246614"
"WA","FL","m","78","0.000246614"
"WA","FL","m","79","0.000246614"
"WA","FL","m","80","0.0000628"
"WA","FL","m","81","0.0000628"
"WA","FL","m","82","0.0000628"
"WA","FL","m","83","0.0000628"
"WA","FL","m","84","0.0000628"
"WA","FL","m","85","0"
"WA","FL","m","86","0"
"WA","FL","m","87","0"
"WA","FL","m","88","0"
"WA","FL","m","89","0"
"WA","FL","m","90","0"
"WA","FL","m","91","0"
"WA","FL","m","92","0"
"WA","FL","m","93","0"
"WA","FL","m","94","0"
"WA","FL","m","95","0"
"WA","FL","m","96","0"
"WA","FL","m","97","0"
"WA","FL","m","98","0"
"WA","FL","m","99","0"
"WA","FL","m","100","0"
"WA","FL","f","0","0.000617682"
"WA","FL","f","1","0.000617682"
"WA","FL","f","2","0.000617682"
"WA","FL","f","3","0.000617682"
"WA","FL","f","4","0.000617682"
"WA","FL","f","5","0.000514568"
"WA","FL","f","6","0.000514568"
"WA","FL","f","7","0.000514568"
"WA","FL","f","8","0.000514568"
"WA","FL","f","9","0.000514568"
"WA","FL","f","10","0.000845503"
"WA","FL","f","11","0.000845503"
"WA","FL","f","12","0.000845503"
"WA","FL","f","13","0.000845503"
"WA","FL","f","14","0.000845503"
"WA","FL","f","15","0.000888747"
"WA","FL","f","16","0.000888747"
"WA","FL","f","17","0.000888747"
"WA","FL","f","18","0.000888747"
"WA","FL","f","19","0.000888747"
"WA","FL","f","20","0.001165345"
"WA","FL","f","21","0.001165345"
"WA","FL","f","22","0.001165345"
"WA","FL","f","23","0.001165345"
"WA","FL","f","24","0.001165345"
"WA","FL","f","25","0.000913366"
"WA","FL","f","26","0.000913366"
"WA","FL","f","27","0.000913366"
"WA","FL","f","28","0.000913366"
"WA","FL","f","29","0.000913366"
"WA","FL","f","30","0.000641206"
"WA","FL","f","31","0.000641206"
"WA","FL","f","32","0.000641206"
"WA","FL","f","33","0.000641206"
"WA","FL","f","34","0.000641206"
"WA","FL","f","35","0.000664841"
"WA","FL","f","36","0.000664841"
"WA","FL","f","37","0.000664841"
"WA","FL","f","38","0.000664841"
"WA","FL","f","39","0.000664841"
"WA","FL","f","40","0.00048038"
"WA","FL","f","41","0.00048038"
"WA","FL","f","42","0.00048038"
"WA","FL","f","43","0.00048038"
"WA","FL","f","44","0.00048038"
"WA","FL","f","45","0.000347944"
"WA","FL","f","46","0.000347944"
"WA","FL","f","47","0.000347944"
"WA","FL","f","48","0.000347944"
"WA","FL","f","49","0.000347944"
"WA","FL","f","50","0.000619049"
"WA","FL","f","51","0.000619049"
"WA","FL","f","52","0.000619049"
"WA","FL","f","53","0.000619049"
"WA","FL","f","54","0.000619049"
"WA","FL","f","55","0.000453112"
"WA","FL","f","56","0.000453112"
"WA","FL","f","57","0.000453112"
"WA","FL","f","58","0.000453112"
"WA","FL","f","59","0.000453112"
"WA","FL","f","60","0.000285131"
"WA","FL","f","61","0.000285131"
"WA","FL","f","62","0.000285131"
"WA","FL","f","63","0.000285131"
"WA","FL","f","64","0.000285131"
"WA","FL","f","65","0.000196046"
"WA","FL","f","66","0.000196046"
"WA","FL","f","67","0.000196046"
"WA","FL","f","68","0.000196046"
"WA","FL","f","69","0.000196046"
"WA","FL","f","70","0.000137067"
"WA","FL","f","71","0.000137067"
"WA","FL","f","72","0.000137067"
"WA","FL","f","73","0.000137067"
"WA","FL","f","74","0.000137067"
"WA","FL","f","75","0.000193723"
"WA","FL","f","76","0.000193723"
"WA","FL","f","77","0.000193723"
"WA","FL","f","78","0.000193723"
"WA","FL","f","79","0.000193723"
"WA","FL","f","80","0.00035194"
"WA","FL","f","81","0.00035194"
"WA","FL","f","82","0.00035194"
"WA","FL","f","83","0.00035194"
"WA","FL","f","84","0.00035194"
"WA","FL","f","85","0.000290313"
"WA","FL","f","86","0.000290313"
"WA","FL","f","87","0.000290313"
"WA","FL","f","88","0.000290313"
"WA","FL","f","89","0.000290313"
"WA","FL","f","90","0.000166751"
"WA","FL","f","91","0.000166751"
"WA","FL","f","92","0.000166751"
"WA","FL","f","93","0.000166751"
"WA","FL","f","94","0.000166751"
"WA","FL","f","95","0"
"WA","FL","f","96","0"
"WA","FL","f","97","0"
"WA","FL","f","98","0"
"WA","FL","f","99","0"
"WA","FL","f","100","0"
"WA","GA","m","0","0.000516115"
"WA","GA","m","1","0.000516115"
"WA","GA","m","2","0.000516115"
"WA","GA","m","3","0.000516115"
"WA","GA","m","4","0.000516115"
"WA","GA","m","5","0.000339477"
"WA","GA","m","6","0.000339477"
"WA","GA","m","7","0.000339477"
"WA","GA","m","8","0.000339477"
"WA","GA","m","9","0.000339477"
"WA","GA","m","10","0.000316994"
"WA","GA","m","11","0.000316994"
"WA","GA","m","12","0.000316994"
"WA","GA","m","13","0.000316994"
"WA","GA","m","14","0.000316994"
"WA","GA","m","15","0.000344451"
"WA","GA","m","16","0.000344451"
"WA","GA","m","17","0.000344451"
"WA","GA","m","18","0.000344451"
"WA","GA","m","19","0.000344451"
"WA","GA","m","20","0.000589758"
"WA","GA","m","21","0.000589758"
"WA","GA","m","22","0.000589758"
"WA","GA","m","23","0.000589758"
"WA","GA","m","24","0.000589758"
"WA","GA","m","25","0.000754892"
"WA","GA","m","26","0.000754892"
"WA","GA","m","27","0.000754892"
"WA","GA","m","28","0.000754892"
"WA","GA","m","29","0.000754892"
"WA","GA","m","30","0.000439387"
"WA","GA","m","31","0.000439387"
"WA","GA","m","32","0.000439387"
"WA","GA","m","33","0.000439387"
"WA","GA","m","34","0.000439387"
"WA","GA","m","35","0.000370392"
"WA","GA","m","36","0.000370392"
"WA","GA","m","37","0.000370392"
"WA","GA","m","38","0.000370392"
"WA","GA","m","39","0.000370392"
"WA","GA","m","40","0.000209949"
"WA","GA","m","41","0.000209949"
"WA","GA","m","42","0.000209949"
"WA","GA","m","43","0.000209949"
"WA","GA","m","44","0.000209949"
"WA","GA","m","45","0.000172699"
"WA","GA","m","46","0.000172699"
"WA","GA","m","47","0.000172699"
"WA","GA","m","48","0.000172699"
"WA","GA","m","49","0.000172699"
"WA","GA","m","50","0.0000910099"
"WA","GA","m","51","0.0000910099"
"WA","GA","m","52","0.0000910099"
"WA","GA","m","53","0.0000910099"
"WA","GA","m","54","0.0000910099"
"WA","GA","m","55","0.0000407"
"WA","GA","m","56","0.0000407"
"WA","GA","m","57","0.0000407"
"WA","GA","m","58","0.0000407"
"WA","GA","m","59","0.0000407"
"WA","GA","m","60","0.0000936231"
"WA","GA","m","61","0.0000936231"
"WA","GA","m","62","0.0000936231"
"WA","GA","m","63","0.0000936231"
"WA","GA","m","64","0.0000936231"
"WA","GA","m","65","0.00010969"
"WA","GA","m","66","0.00010969"
"WA","GA","m","67","0.00010969"
"WA","GA","m","68","0.00010969"
"WA","GA","m","69","0.00010969"
"WA","GA","m","70","0"
"WA","GA","m","71","0"
"WA","GA","m","72","0"
"WA","GA","m","73","0"
"WA","GA","m","74","0"
"WA","GA","m","75","0"
"WA","GA","m","76","0"
"WA","GA","m","77","0"
"WA","GA","m","78","0"
"WA","GA","m","79","0"
"WA","GA","m","80","0"
"WA","GA","m","81","0"
"WA","GA","m","82","0"
"WA","GA","m","83","0"
"WA","GA","m","84","0"
"WA","GA","m","85","0"
"WA","GA","m","86","0"
"WA","GA","m","87","0"
"WA","GA","m","88","0"
"WA","GA","m","89","0"
"WA","GA","m","90","0"
"WA","GA","m","91","0"
"WA","GA","m","92","0"
"WA","GA","m","93","0"
"WA","GA","m","94","0"
"WA","GA","m","95","0"
"WA","GA","m","96","0"
"WA","GA","m","97","0"
"WA","GA","m","98","0"
"WA","GA","m","99","0"
"WA","GA","m","100","0"
"WA","GA","f","0","0.000628656"
"WA","GA","f","1","0.000628656"
"WA","GA","f","2","0.000628656"
"WA","GA","f","3","0.000628656"
"WA","GA","f","4","0.000628656"
"WA","GA","f","5","0.000288349"
"WA","GA","f","6","0.000288349"
"WA","GA","f","7","0.000288349"
"WA","GA","f","8","0.000288349"
"WA","GA","f","9","0.000288349"
"WA","GA","f","10","0.000156117"
"WA","GA","f","11","0.000156117"
"WA","GA","f","12","0.000156117"
"WA","GA","f","13","0.000156117"
"WA","GA","f","14","0.000156117"
"WA","GA","f","15","0.000265411"
"WA","GA","f","16","0.000265411"
"WA","GA","f","17","0.000265411"
"WA","GA","f","18","0.000265411"
"WA","GA","f","19","0.000265411"
"WA","GA","f","20","0.000883193"
"WA","GA","f","21","0.000883193"
"WA","GA","f","22","0.000883193"
"WA","GA","f","23","0.000883193"
"WA","GA","f","24","0.000883193"
"WA","GA","f","25","0.000565752"
"WA","GA","f","26","0.000565752"
"WA","GA","f","27","0.000565752"
"WA","GA","f","28","0.000565752"
"WA","GA","f","29","0.000565752"
"WA","GA","f","30","0.000586541"
"WA","GA","f","31","0.000586541"
"WA","GA","f","32","0.000586541"
"WA","GA","f","33","0.000586541"
"WA","GA","f","34","0.000586541"
"WA","GA","f","35","0.000305827"
"WA","GA","f","36","0.000305827"
"WA","GA","f","37","0.000305827"
"WA","GA","f","38","0.000305827"
"WA","GA","f","39","0.000305827"
"WA","GA","f","40","0.0000972371"
"WA","GA","f","41","0.0000972371"
"WA","GA","f","42","0.0000972371"
"WA","GA","f","43","0.0000972371"
"WA","GA","f","44","0.0000972371"
"WA","GA","f","45","0.0000391"
"WA","GA","f","46","0.0000391"
"WA","GA","f","47","0.0000391"
"WA","GA","f","48","0.0000391"
"WA","GA","f","49","0.0000391"
"WA","GA","f","50","0.0000991021"
"WA","GA","f","51","0.0000991021"
"WA","GA","f","52","0.0000991021"
"WA","GA","f","53","0.0000991021"
"WA","GA","f","54","0.0000991021"
"WA","GA","f","55","0.000013"
"WA","GA","f","56","0.000013"
"WA","GA","f","57","0.000013"
"WA","GA","f","58","0.000013"
"WA","GA","f","59","0.000013"
"WA","GA","f","60","0.000174433"
"WA","GA","f","61","0.000174433"
"WA","GA","f","62","0.000174433"
"WA","GA","f","63","0.000174433"
"WA","GA","f","64","0.000174433"
"WA","GA","f","65","0.000135204"
"WA","GA","f","66","0.000135204"
"WA","GA","f","67","0.000135204"
"WA","GA","f","68","0.000135204"
"WA","GA","f","69","0.000135204"
"WA","GA","f","70","0.000156192"
"WA","GA","f","71","0.000156192"
"WA","GA","f","72","0.000156192"
"WA","GA","f","73","0.000156192"
"WA","GA","f","74","0.000156192"
"WA","GA","f","75","0"
"WA","GA","f","76","0"
"WA","GA","f","77","0"
"WA","GA","f","78","0"
"WA","GA","f","79","0"
"WA","GA","f","80","0.000070388"
"WA","GA","f","81","0.000070388"
"WA","GA","f","82","0.000070388"
"WA","GA","f","83","0.000070388"
"WA","GA","f","84","0.000070388"
"WA","GA","f","85","0"
"WA","GA","f","86","0"
"WA","GA","f","87","0"
"WA","GA","f","88","0"
"WA","GA","f","89","0"
"WA","GA","f","90","0"
"WA","GA","f","91","0"
"WA","GA","f","92","0"
"WA","GA","f","93","0"
"WA","GA","f","94","0"
"WA","GA","f","95","0"
"WA","GA","f","96","0"
"WA","GA","f","97","0"
"WA","GA","f","98","0"
"WA","GA","f","99","0"
"WA","GA","f","100","0"
"WA","HI","m","0","0.000472605"
"WA","HI","m","1","0.000472605"
"WA","HI","m","2","0.000472605"
"WA","HI","m","3","0.000472605"
"WA","HI","m","4","0.000472605"
"WA","HI","m","5","0.000118667"
"WA","HI","m","6","0.000118667"
"WA","HI","m","7","0.000118667"
"WA","HI","m","8","0.000118667"
"WA","HI","m","9","0.000118667"
"WA","HI","m","10","0.000374083"
"WA","HI","m","11","0.000374083"
"WA","HI","m","12","0.000374083"
"WA","HI","m","13","0.000374083"
"WA","HI","m","14","0.000374083"
"WA","HI","m","15","0.000579826"
"WA","HI","m","16","0.000579826"
"WA","HI","m","17","0.000579826"
"WA","HI","m","18","0.000579826"
"WA","HI","m","19","0.000579826"
"WA","HI","m","20","0.000687824"
"WA","HI","m","21","0.000687824"
"WA","HI","m","22","0.000687824"
"WA","HI","m","23","0.000687824"
"WA","HI","m","24","0.000687824"
"WA","HI","m","25","0.000781853"
"WA","HI","m","26","0.000781853"
"WA","HI","m","27","0.000781853"
"WA","HI","m","28","0.000781853"
"WA","HI","m","29","0.000781853"
"WA","HI","m","30","0.001033767"
"WA","HI","m","31","0.001033767"
"WA","HI","m","32","0.001033767"
"WA","HI","m","33","0.001033767"
"WA","HI","m","34","0.001033767"
"WA","HI","m","35","0.000138897"
"WA","HI","m","36","0.000138897"
"WA","HI","m","37","0.000138897"
"WA","HI","m","38","0.000138897"
"WA","HI","m","39","0.000138897"
"WA","HI","m","40","0.000405808"
"WA","HI","m","41","0.000405808"
"WA","HI","m","42","0.000405808"
"WA","HI","m","43","0.000405808"
"WA","HI","m","44","0.000405808"
"WA","HI","m","45","0.000286904"
"WA","HI","m","46","0.000286904"
"WA","HI","m","47","0.000286904"
"WA","HI","m","48","0.000286904"
"WA","HI","m","49","0.000286904"
"WA","HI","m","50","0.000241314"
"WA","HI","m","51","0.000241314"
"WA","HI","m","52","0.000241314"
"WA","HI","m","53","0.000241314"
"WA","HI","m","54","0.000241314"
"WA","HI","m","55","0.000168948"
"WA","HI","m","56","0.000168948"
"WA","HI","m","57","0.000168948"
"WA","HI","m","58","0.000168948"
"WA","HI","m","59","0.000168948"
"WA","HI","m","60","0.000192546"
"WA","HI","m","61","0.000192546"
"WA","HI","m","62","0.000192546"
"WA","HI","m","63","0.000192546"
"WA","HI","m","64","0.000192546"
"WA","HI","m","65","0.000292506"
"WA","HI","m","66","0.000292506"
"WA","HI","m","67","0.000292506"
"WA","HI","m","68","0.000292506"
"WA","HI","m","69","0.000292506"
"WA","HI","m","70","0.000307121"
"WA","HI","m","71","0.000307121"
"WA","HI","m","72","0.000307121"
"WA","HI","m","73","0.000307121"
"WA","HI","m","74","0.000307121"
"WA","HI","m","75","0.000246614"
"WA","HI","m","76","0.000246614"
"WA","HI","m","77","0.000246614"
"WA","HI","m","78","0.000246614"
"WA","HI","m","79","0.000246614"
"WA","HI","m","80","0.000265136"
"WA","HI","m","81","0.000265136"
"WA","HI","m","82","0.000265136"
"WA","HI","m","83","0.000265136"
"WA","HI","m","84","0.000265136"
"WA","HI","m","85","0"
"WA","HI","m","86","0"
"WA","HI","m","87","0"
"WA","HI","m","88","0"
"WA","HI","m","89","0"
"WA","HI","m","90","0.000633003"
"WA","HI","m","91","0.000633003"
"WA","HI","m","92","0.000633003"
"WA","HI","m","93","0.000633003"
"WA","HI","m","94","0.000633003"
"WA","HI","m","95","0"
"WA","HI","m","96","0"
"WA","HI","m","97","0"
"WA","HI","m","98","0"
"WA","HI","m","99","0"
"WA","HI","m","100","0"
"WA","HI","f","0","0.000575354"
"WA","HI","f","1","0.000575354"
"WA","HI","f","2","0.000575354"
"WA","HI","f","3","0.000575354"
"WA","HI","f","4","0.000575354"
"WA","HI","f","5","0.000213474"
"WA","HI","f","6","0.000213474"
"WA","HI","f","7","0.000213474"
"WA","HI","f","8","0.000213474"
"WA","HI","f","9","0.000213474"
"WA","HI","f","10","0.000165391"
"WA","HI","f","11","0.000165391"
"WA","HI","f","12","0.000165391"
"WA","HI","f","13","0.000165391"
"WA","HI","f","14","0.000165391"
"WA","HI","f","15","0.00046409"
"WA","HI","f","16","0.00046409"
"WA","HI","f","17","0.00046409"
"WA","HI","f","18","0.00046409"
"WA","HI","f","19","0.00046409"
"WA","HI","f","20","0.00089495"
"WA","HI","f","21","0.00089495"
"WA","HI","f","22","0.00089495"
"WA","HI","f","23","0.00089495"
"WA","HI","f","24","0.00089495"
"WA","HI","f","25","0.000688191"
"WA","HI","f","26","0.000688191"
"WA","HI","f","27","0.000688191"
"WA","HI","f","28","0.000688191"
"WA","HI","f","29","0.000688191"
"WA","HI","f","30","0.000641206"
"WA","HI","f","31","0.000641206"
"WA","HI","f","32","0.000641206"
"WA","HI","f","33","0.000641206"
"WA","HI","f","34","0.000641206"
"WA","HI","f","35","0.00024082"
"WA","HI","f","36","0.00024082"
"WA","HI","f","37","0.00024082"
"WA","HI","f","38","0.00024082"
"WA","HI","f","39","0.00024082"
"WA","HI","f","40","0.000359922"
"WA","HI","f","41","0.000359922"
"WA","HI","f","42","0.000359922"
"WA","HI","f","43","0.000359922"
"WA","HI","f","44","0.000359922"
"WA","HI","f","45","0.000211002"
"WA","HI","f","46","0.000211002"
"WA","HI","f","47","0.000211002"
"WA","HI","f","48","0.000211002"
"WA","HI","f","49","0.000211002"
"WA","HI","f","50","0.000510444"
"WA","HI","f","51","0.000510444"
"WA","HI","f","52","0.000510444"
"WA","HI","f","53","0.000510444"
"WA","HI","f","54","0.000510444"
"WA","HI","f","55","0.000337301"
"WA","HI","f","56","0.000337301"
"WA","HI","f","57","0.000337301"
"WA","HI","f","58","0.000337301"
"WA","HI","f","59","0.000337301"
"WA","HI","f","60","0.0000453"
"WA","HI","f","61","0.0000453"
"WA","HI","f","62","0.0000453"
"WA","HI","f","63","0.0000453"
"WA","HI","f","64","0.0000453"
"WA","HI","f","65","0.00033801"
"WA","HI","f","66","0.00033801"
"WA","HI","f","67","0.00033801"
"WA","HI","f","68","0.00033801"
"WA","HI","f","69","0.00033801"
"WA","HI","f","70","0.0000478"
"WA","HI","f","71","0.0000478"
"WA","HI","f","72","0.0000478"
"WA","HI","f","73","0.0000478"
"WA","HI","f","74","0.0000478"
"WA","HI","f","75","0.000329741"
"WA","HI","f","76","0.000329741"
"WA","HI","f","77","0.000329741"
"WA","HI","f","78","0.000329741"
"WA","HI","f","79","0.000329741"
"WA","HI","f","80","0.000135748"
"WA","HI","f","81","0.000135748"
"WA","HI","f","82","0.000135748"
"WA","HI","f","83","0.000135748"
"WA","HI","f","84","0.000135748"
"WA","HI","f","85","0.000130641"
"WA","HI","f","86","0.000130641"
"WA","HI","f","87","0.000130641"
"WA","HI","f","88","0.000130641"
"WA","HI","f","89","0.000130641"
"WA","HI","f","90","0.000166751"
"WA","HI","f","91","0.000166751"
"WA","HI","f","92","0.000166751"
"WA","HI","f","93","0.000166751"
"WA","HI","f","94","0.000166751"
"WA","HI","f","95","0"
"WA","HI","f","96","0"
"WA","HI","f","97","0"
"WA","HI","f","98","0"
"WA","HI","f","99","0"
"WA","HI","f","100","0"
"WA","IA","m","0","0.000151534"
"WA","IA","m","1","0.000151534"
"WA","IA","m","2","0.000151534"
"WA","IA","m","3","0.000151534"
"WA","IA","m","4","0.000151534"
"WA","IA","m","5","0"
"WA","IA","m","6","0"
"WA","IA","m","7","0"
"WA","IA","m","8","0"
"WA","IA","m","9","0"
"WA","IA","m","10","0.000159248"
"WA","IA","m","11","0.000159248"
"WA","IA","m","12","0.000159248"
"WA","IA","m","13","0.000159248"
"WA","IA","m","14","0.000159248"
"WA","IA","m","15","0.000231069"
"WA","IA","m","16","0.000231069"
"WA","IA","m","17","0.000231069"
"WA","IA","m","18","0.000231069"
"WA","IA","m","19","0.000231069"
"WA","IA","m","20","0.000217925"
"WA","IA","m","21","0.000217925"
"WA","IA","m","22","0.000217925"
"WA","IA","m","23","0.000217925"
"WA","IA","m","24","0.000217925"
"WA","IA","m","25","0.000176591"
"WA","IA","m","26","0.000176591"
"WA","IA","m","27","0.000176591"
"WA","IA","m","28","0.000176591"
"WA","IA","m","29","0.000176591"
"WA","IA","m","30","0.000125133"
"WA","IA","m","31","0.000125133"
"WA","IA","m","32","0.000125133"
"WA","IA","m","33","0.000125133"
"WA","IA","m","34","0.000125133"
"WA","IA","m","35","0.0000275"
"WA","IA","m","36","0.0000275"
"WA","IA","m","37","0.0000275"
"WA","IA","m","38","0.0000275"
"WA","IA","m","39","0.0000275"
"WA","IA","m","40","0.000038"
"WA","IA","m","41","0.000038"
"WA","IA","m","42","0.000038"
"WA","IA","m","43","0.000038"
"WA","IA","m","44","0.000038"
"WA","IA","m","45","0.0000181"
"WA","IA","m","46","0.0000181"
"WA","IA","m","47","0.0000181"
"WA","IA","m","48","0.0000181"
"WA","IA","m","49","0.0000181"
"WA","IA","m","50","0.000115831"
"WA","IA","m","51","0.000115831"
"WA","IA","m","52","0.000115831"
"WA","IA","m","53","0.000115831"
"WA","IA","m","54","0.000115831"
"WA","IA","m","55","0.0000724062"
"WA","IA","m","56","0.0000724062"
"WA","IA","m","57","0.0000724062"
"WA","IA","m","58","0.0000724062"
"WA","IA","m","59","0.0000724062"
"WA","IA","m","60","0.000153683"
"WA","IA","m","61","0.000153683"
"WA","IA","m","62","0.000153683"
"WA","IA","m","63","0.000153683"
"WA","IA","m","64","0.000153683"
"WA","IA","m","65","0"
"WA","IA","m","66","0"
"WA","IA","m","67","0"
"WA","IA","m","68","0"
"WA","IA","m","69","0"
"WA","IA","m","70","0"
"WA","IA","m","71","0"
"WA","IA","m","72","0"
"WA","IA","m","73","0"
"WA","IA","m","74","0"
"WA","IA","m","75","0"
"WA","IA","m","76","0"
"WA","IA","m","77","0"
"WA","IA","m","78","0"
"WA","IA","m","79","0"
"WA","IA","m","80","0"
"WA","IA","m","81","0"
"WA","IA","m","82","0"
"WA","IA","m","83","0"
"WA","IA","m","84","0"
"WA","IA","m","85","0"
"WA","IA","m","86","0"
"WA","IA","m","87","0"
"WA","IA","m","88","0"
"WA","IA","m","89","0"
"WA","IA","m","90","0"
"WA","IA","m","91","0"
"WA","IA","m","92","0"
"WA","IA","m","93","0"
"WA","IA","m","94","0"
"WA","IA","m","95","0"
"WA","IA","m","96","0"
"WA","IA","m","97","0"
"WA","IA","m","98","0"
"WA","IA","m","99","0"
"WA","IA","m","100","0"
"WA","IA","f","0","0.000211642"
"WA","IA","f","1","0.000211642"
"WA","IA","f","2","0.000211642"
"WA","IA","f","3","0.000211642"
"WA","IA","f","4","0.000211642"
"WA","IA","f","5","0.000200729"
"WA","IA","f","6","0.000200729"
"WA","IA","f","7","0.000200729"
"WA","IA","f","8","0.000200729"
"WA","IA","f","9","0.000200729"
"WA","IA","f","10","0.0000108"
"WA","IA","f","11","0.0000108"
"WA","IA","f","12","0.0000108"
"WA","IA","f","13","0.0000108"
"WA","IA","f","14","0.0000108"
"WA","IA","f","15","0.000109198"
"WA","IA","f","16","0.000109198"
"WA","IA","f","17","0.000109198"
"WA","IA","f","18","0.000109198"
"WA","IA","f","19","0.000109198"
"WA","IA","f","20","0.000123441"
"WA","IA","f","21","0.000123441"
"WA","IA","f","22","0.000123441"
"WA","IA","f","23","0.000123441"
"WA","IA","f","24","0.000123441"
"WA","IA","f","25","0.0000535"
"WA","IA","f","26","0.0000535"
"WA","IA","f","27","0.0000535"
"WA","IA","f","28","0.0000535"
"WA","IA","f","29","0.0000535"
"WA","IA","f","30","0.000311739"
"WA","IA","f","31","0.000311739"
"WA","IA","f","32","0.000311739"
"WA","IA","f","33","0.000311739"
"WA","IA","f","34","0.000311739"
"WA","IA","f","35","0.000031"
"WA","IA","f","36","0.000031"
"WA","IA","f","37","0.000031"
"WA","IA","f","38","0.000031"
"WA","IA","f","39","0.000031"
"WA","IA","f","40","0.000104494"
"WA","IA","f","41","0.000104494"
"WA","IA","f","42","0.000104494"
"WA","IA","f","43","0.000104494"
"WA","IA","f","44","0.000104494"
"WA","IA","f","45","0.000131352"
"WA","IA","f","46","0.000131352"
"WA","IA","f","47","0.000131352"
"WA","IA","f","48","0.000131352"
"WA","IA","f","49","0.000131352"
"WA","IA","f","50","0.000019"
"WA","IA","f","51","0.000019"
"WA","IA","f","52","0.000019"
"WA","IA","f","53","0.000019"
"WA","IA","f","54","0.000019"
"WA","IA","f","55","0.00018385"
"WA","IA","f","56","0.00018385"
"WA","IA","f","57","0.00018385"
"WA","IA","f","58","0.00018385"
"WA","IA","f","59","0.00018385"
"WA","IA","f","60","0.000105666"
"WA","IA","f","61","0.000105666"
"WA","IA","f","62","0.000105666"
"WA","IA","f","63","0.000105666"
"WA","IA","f","64","0.000105666"
"WA","IA","f","65","0.0000743622"
"WA","IA","f","66","0.0000743622"
"WA","IA","f","67","0.0000743622"
"WA","IA","f","68","0.0000743622"
"WA","IA","f","69","0.0000743622"
"WA","IA","f","70","0.0000128"
"WA","IA","f","71","0.0000128"
"WA","IA","f","72","0.0000128"
"WA","IA","f","73","0.0000128"
"WA","IA","f","74","0.0000128"
"WA","IA","f","75","0"
"WA","IA","f","76","0"
"WA","IA","f","77","0"
"WA","IA","f","78","0"
"WA","IA","f","79","0"
"WA","IA","f","80","0"
"WA","IA","f","81","0"
"WA","IA","f","82","0"
"WA","IA","f","83","0"
"WA","IA","f","84","0"
"WA","IA","f","85","0"
"WA","IA","f","86","0"
"WA","IA","f","87","0"
"WA","IA","f","88","0"
"WA","IA","f","89","0"
"WA","IA","f","90","0"
"WA","IA","f","91","0"
"WA","IA","f","92","0"
"WA","IA","f","93","0"
"WA","IA","f","94","0"
"WA","IA","f","95","0"
"WA","IA","f","96","0"
"WA","IA","f","97","0"
"WA","IA","f","98","0"
"WA","IA","f","99","0"
"WA","IA","f","100","0"
"WA","ID","m","0","0.001005224"
"WA","ID","m","1","0.001005224"
"WA","ID","m","2","0.001005224"
"WA","ID","m","3","0.001005224"
"WA","ID","m","4","0.001005224"
"WA","ID","m","5","0.001006415"
"WA","ID","m","6","0.001006415"
"WA","ID","m","7","0.001006415"
"WA","ID","m","8","0.001006415"
"WA","ID","m","9","0.001006415"
"WA","ID","m","10","0.000734645"
"WA","ID","m","11","0.000734645"
"WA","ID","m","12","0.000734645"
"WA","ID","m","13","0.000734645"
"WA","ID","m","14","0.000734645"
"WA","ID","m","15","0.002012169"
"WA","ID","m","16","0.002012169"
"WA","ID","m","17","0.002012169"
"WA","ID","m","18","0.002012169"
"WA","ID","m","19","0.002012169"
"WA","ID","m","20","0.00243122"
"WA","ID","m","21","0.00243122"
"WA","ID","m","22","0.00243122"
"WA","ID","m","23","0.00243122"
"WA","ID","m","24","0.00243122"
"WA","ID","m","25","0.001693115"
"WA","ID","m","26","0.001693115"
"WA","ID","m","27","0.001693115"
"WA","ID","m","28","0.001693115"
"WA","ID","m","29","0.001693115"
"WA","ID","m","30","0.001269813"
"WA","ID","m","31","0.001269813"
"WA","ID","m","32","0.001269813"
"WA","ID","m","33","0.001269813"
"WA","ID","m","34","0.001269813"
"WA","ID","m","35","0.001012792"
"WA","ID","m","36","0.001012792"
"WA","ID","m","37","0.001012792"
"WA","ID","m","38","0.001012792"
"WA","ID","m","39","0.001012792"
"WA","ID","m","40","0.000703119"
"WA","ID","m","41","0.000703119"
"WA","ID","m","42","0.000703119"
"WA","ID","m","43","0.000703119"
"WA","ID","m","44","0.000703119"
"WA","ID","m","45","0.00036629"
"WA","ID","m","46","0.00036629"
"WA","ID","m","47","0.00036629"
"WA","ID","m","48","0.00036629"
"WA","ID","m","49","0.00036629"
"WA","ID","m","50","0.000442639"
"WA","ID","m","51","0.000442639"
"WA","ID","m","52","0.000442639"
"WA","ID","m","53","0.000442639"
"WA","ID","m","54","0.000442639"
"WA","ID","m","55","0.000693892"
"WA","ID","m","56","0.000693892"
"WA","ID","m","57","0.000693892"
"WA","ID","m","58","0.000693892"
"WA","ID","m","59","0.000693892"
"WA","ID","m","60","0.000559972"
"WA","ID","m","61","0.000559972"
"WA","ID","m","62","0.000559972"
"WA","ID","m","63","0.000559972"
"WA","ID","m","64","0.000559972"
"WA","ID","m","65","0.00035832"
"WA","ID","m","66","0.00035832"
"WA","ID","m","67","0.00035832"
"WA","ID","m","68","0.00035832"
"WA","ID","m","69","0.00035832"
"WA","ID","m","70","0.000407195"
"WA","ID","m","71","0.000407195"
"WA","ID","m","72","0.000407195"
"WA","ID","m","73","0.000407195"
"WA","ID","m","74","0.000407195"
"WA","ID","m","75","0.000201318"
"WA","ID","m","76","0.000201318"
"WA","ID","m","77","0.000201318"
"WA","ID","m","78","0.000201318"
"WA","ID","m","79","0.000201318"
"WA","ID","m","80","0"
"WA","ID","m","81","0"
"WA","ID","m","82","0"
"WA","ID","m","83","0"
"WA","ID","m","84","0"
"WA","ID","m","85","0.000136002"
"WA","ID","m","86","0.000136002"
"WA","ID","m","87","0.000136002"
"WA","ID","m","88","0.000136002"
"WA","ID","m","89","0.000136002"
"WA","ID","m","90","0.001213256"
"WA","ID","m","91","0.001213256"
"WA","ID","m","92","0.001213256"
"WA","ID","m","93","0.001213256"
"WA","ID","m","94","0.001213256"
"WA","ID","m","95","0"
"WA","ID","m","96","0"
"WA","ID","m","97","0"
"WA","ID","m","98","0"
"WA","ID","m","99","0"
"WA","ID","m","100","0"
"WA","ID","f","0","0.000928091"
"WA","ID","f","1","0.000928091"
"WA","ID","f","2","0.000928091"
"WA","ID","f","3","0.000928091"
"WA","ID","f","4","0.000928091"
"WA","ID","f","5","0.001244202"
"WA","ID","f","6","0.001244202"
"WA","ID","f","7","0.001244202"
"WA","ID","f","8","0.001244202"
"WA","ID","f","9","0.001244202"
"WA","ID","f","10","0.000626012"
"WA","ID","f","11","0.000626012"
"WA","ID","f","12","0.000626012"
"WA","ID","f","13","0.000626012"
"WA","ID","f","14","0.000626012"
"WA","ID","f","15","0.001992856"
"WA","ID","f","16","0.001992856"
"WA","ID","f","17","0.001992856"
"WA","ID","f","18","0.001992856"
"WA","ID","f","19","0.001992856"
"WA","ID","f","20","0.002511443"
"WA","ID","f","21","0.002511443"
"WA","ID","f","22","0.002511443"
"WA","ID","f","23","0.002511443"
"WA","ID","f","24","0.002511443"
"WA","ID","f","25","0.001950578"
"WA","ID","f","26","0.001950578"
"WA","ID","f","27","0.001950578"
"WA","ID","f","28","0.001950578"
"WA","ID","f","29","0.001950578"
"WA","ID","f","30","0.001239567"
"WA","ID","f","31","0.001239567"
"WA","ID","f","32","0.001239567"
"WA","ID","f","33","0.001239567"
"WA","ID","f","34","0.001239567"
"WA","ID","f","35","0.000551079"
"WA","ID","f","36","0.000551079"
"WA","ID","f","37","0.000551079"
"WA","ID","f","38","0.000551079"
"WA","ID","f","39","0.000551079"
"WA","ID","f","40","0.000831595"
"WA","ID","f","41","0.000831595"
"WA","ID","f","42","0.000831595"
"WA","ID","f","43","0.000831595"
"WA","ID","f","44","0.000831595"
"WA","ID","f","45","0.000498859"
"WA","ID","f","46","0.000498859"
"WA","ID","f","47","0.000498859"
"WA","ID","f","48","0.000498859"
"WA","ID","f","49","0.000498859"
"WA","ID","f","50","0.000587825"
"WA","ID","f","51","0.000587825"
"WA","ID","f","52","0.000587825"
"WA","ID","f","53","0.000587825"
"WA","ID","f","54","0.000587825"
"WA","ID","f","55","0.000735402"
"WA","ID","f","56","0.000735402"
"WA","ID","f","57","0.000735402"
"WA","ID","f","58","0.000735402"
"WA","ID","f","59","0.000735402"
"WA","ID","f","60","0.000459565"
"WA","ID","f","61","0.000459565"
"WA","ID","f","62","0.000459565"
"WA","ID","f","63","0.000459565"
"WA","ID","f","64","0.000459565"
"WA","ID","f","65","0.000703061"
"WA","ID","f","66","0.000703061"
"WA","ID","f","67","0.000703061"
"WA","ID","f","68","0.000703061"
"WA","ID","f","69","0.000703061"
"WA","ID","f","70","0.000366574"
"WA","ID","f","71","0.000366574"
"WA","ID","f","72","0.000366574"
"WA","ID","f","73","0.000366574"
"WA","ID","f","74","0.000366574"
"WA","ID","f","75","0.000226697"
"WA","ID","f","76","0.000226697"
"WA","ID","f","77","0.000226697"
"WA","ID","f","78","0.000226697"
"WA","ID","f","79","0.000226697"
"WA","ID","f","80","0.00017597"
"WA","ID","f","81","0.00017597"
"WA","ID","f","82","0.00017597"
"WA","ID","f","83","0.00017597"
"WA","ID","f","84","0.00017597"
"WA","ID","f","85","0.000602399"
"WA","ID","f","86","0.000602399"
"WA","ID","f","87","0.000602399"
"WA","ID","f","88","0.000602399"
"WA","ID","f","89","0.000602399"
"WA","ID","f","90","0.000589185"
"WA","ID","f","91","0.000589185"
"WA","ID","f","92","0.000589185"
"WA","ID","f","93","0.000589185"
"WA","ID","f","94","0.000589185"
"WA","ID","f","95","0"
"WA","ID","f","96","0"
"WA","ID","f","97","0"
"WA","ID","f","98","0"
"WA","ID","f","99","0"
"WA","ID","f","100","0"
"WA","IL","m","0","0.000489109"
"WA","IL","m","1","0.000489109"
"WA","IL","m","2","0.000489109"
"WA","IL","m","3","0.000489109"
"WA","IL","m","4","0.000489109"
"WA","IL","m","5","0.000420591"
"WA","IL","m","6","0.000420591"
"WA","IL","m","7","0.000420591"
"WA","IL","m","8","0.000420591"
"WA","IL","m","9","0.000420591"
"WA","IL","m","10","0.000139718"
"WA","IL","m","11","0.000139718"
"WA","IL","m","12","0.000139718"
"WA","IL","m","13","0.000139718"
"WA","IL","m","14","0.000139718"
"WA","IL","m","15","0.000690337"
"WA","IL","m","16","0.000690337"
"WA","IL","m","17","0.000690337"
"WA","IL","m","18","0.000690337"
"WA","IL","m","19","0.000690337"
"WA","IL","m","20","0.001251704"
"WA","IL","m","21","0.001251704"
"WA","IL","m","22","0.001251704"
"WA","IL","m","23","0.001251704"
"WA","IL","m","24","0.001251704"
"WA","IL","m","25","0.001163343"
"WA","IL","m","26","0.001163343"
"WA","IL","m","27","0.001163343"
"WA","IL","m","28","0.001163343"
"WA","IL","m","29","0.001163343"
"WA","IL","m","30","0.000659791"
"WA","IL","m","31","0.000659791"
"WA","IL","m","32","0.000659791"
"WA","IL","m","33","0.000659791"
"WA","IL","m","34","0.000659791"
"WA","IL","m","35","0.000306731"
"WA","IL","m","36","0.000306731"
"WA","IL","m","37","0.000306731"
"WA","IL","m","38","0.000306731"
"WA","IL","m","39","0.000306731"
"WA","IL","m","40","0.000300129"
"WA","IL","m","41","0.000300129"
"WA","IL","m","42","0.000300129"
"WA","IL","m","43","0.000300129"
"WA","IL","m","44","0.000300129"
"WA","IL","m","45","0.000176878"
"WA","IL","m","46","0.000176878"
"WA","IL","m","47","0.000176878"
"WA","IL","m","48","0.000176878"
"WA","IL","m","49","0.000176878"
"WA","IL","m","50","0.000051"
"WA","IL","m","51","0.000051"
"WA","IL","m","52","0.000051"
"WA","IL","m","53","0.000051"
"WA","IL","m","54","0.000051"
"WA","IL","m","55","0.00013727"
"WA","IL","m","56","0.00013727"
"WA","IL","m","57","0.00013727"
"WA","IL","m","58","0.00013727"
"WA","IL","m","59","0.00013727"
"WA","IL","m","60","0.0000794913"
"WA","IL","m","61","0.0000794913"
"WA","IL","m","62","0.0000794913"
"WA","IL","m","63","0.0000794913"
"WA","IL","m","64","0.0000794913"
"WA","IL","m","65","0.0000463"
"WA","IL","m","66","0.0000463"
"WA","IL","m","67","0.0000463"
"WA","IL","m","68","0.0000463"
"WA","IL","m","69","0.0000463"
"WA","IL","m","70","0.0000414"
"WA","IL","m","71","0.0000414"
"WA","IL","m","72","0.0000414"
"WA","IL","m","73","0.0000414"
"WA","IL","m","74","0.0000414"
"WA","IL","m","75","0"
"WA","IL","m","76","0"
"WA","IL","m","77","0"
"WA","IL","m","78","0"
"WA","IL","m","79","0"
"WA","IL","m","80","0"
"WA","IL","m","81","0"
"WA","IL","m","82","0"
"WA","IL","m","83","0"
"WA","IL","m","84","0"
"WA","IL","m","85","0"
"WA","IL","m","86","0"
"WA","IL","m","87","0"
"WA","IL","m","88","0"
"WA","IL","m","89","0"
"WA","IL","m","90","0"
"WA","IL","m","91","0"
"WA","IL","m","92","0"
"WA","IL","m","93","0"
"WA","IL","m","94","0"
"WA","IL","m","95","0"
"WA","IL","m","96","0"
"WA","IL","m","97","0"
"WA","IL","m","98","0"
"WA","IL","m","99","0"
"WA","IL","m","100","0"
"WA","IL","f","0","0.00028219"
"WA","IL","f","1","0.00028219"
"WA","IL","f","2","0.00028219"
"WA","IL","f","3","0.00028219"
"WA","IL","f","4","0.00028219"
"WA","IL","f","5","0.000178426"
"WA","IL","f","6","0.000178426"
"WA","IL","f","7","0.000178426"
"WA","IL","f","8","0.000178426"
"WA","IL","f","9","0.000178426"
"WA","IL","f","10","0.0000618"
"WA","IL","f","11","0.0000618"
"WA","IL","f","12","0.0000618"
"WA","IL","f","13","0.0000618"
"WA","IL","f","14","0.0000618"
"WA","IL","f","15","0.00046409"
"WA","IL","f","16","0.00046409"
"WA","IL","f","17","0.00046409"
"WA","IL","f","18","0.00046409"
"WA","IL","f","19","0.00046409"
"WA","IL","f","20","0.001146241"
"WA","IL","f","21","0.001146241"
"WA","IL","f","22","0.001146241"
"WA","IL","f","23","0.001146241"
"WA","IL","f","24","0.001146241"
"WA","IL","f","25","0.001486155"
"WA","IL","f","26","0.001486155"
"WA","IL","f","27","0.001486155"
"WA","IL","f","28","0.001486155"
"WA","IL","f","29","0.001486155"
"WA","IL","f","30","0.000426978"
"WA","IL","f","31","0.000426978"
"WA","IL","f","32","0.000426978"
"WA","IL","f","33","0.000426978"
"WA","IL","f","34","0.000426978"
"WA","IL","f","35","0.000192065"
"WA","IL","f","36","0.000192065"
"WA","IL","f","37","0.000192065"
"WA","IL","f","38","0.000192065"
"WA","IL","f","39","0.000192065"
"WA","IL","f","40","0.0000740163"
"WA","IL","f","41","0.0000740163"
"WA","IL","f","42","0.0000740163"
"WA","IL","f","43","0.0000740163"
"WA","IL","f","44","0.0000740163"
"WA","IL","f","45","0.00013275"
"WA","IL","f","46","0.00013275"
"WA","IL","f","47","0.00013275"
"WA","IL","f","48","0.00013275"
"WA","IL","f","49","0.00013275"
"WA","IL","f","50","0.0000909568"
"WA","IL","f","51","0.0000909568"
"WA","IL","f","52","0.0000909568"
"WA","IL","f","53","0.0000909568"
"WA","IL","f","54","0.0000909568"
"WA","IL","f","55","0.000096992"
"WA","IL","f","56","0.000096992"
"WA","IL","f","57","0.000096992"
"WA","IL","f","58","0.000096992"
"WA","IL","f","59","0.000096992"
"WA","IL","f","60","0"
"WA","IL","f","61","0"
"WA","IL","f","62","0"
"WA","IL","f","63","0"
"WA","IL","f","64","0"
"WA","IL","f","65","0.0000361"
"WA","IL","f","66","0.0000361"
"WA","IL","f","67","0.0000361"
"WA","IL","f","68","0.0000361"
"WA","IL","f","69","0.0000361"
"WA","IL","f","70","0"
"WA","IL","f","71","0"
"WA","IL","f","72","0"
"WA","IL","f","73","0"
"WA","IL","f","74","0"
"WA","IL","f","75","0"
"WA","IL","f","76","0"
"WA","IL","f","77","0"
"WA","IL","f","78","0"
"WA","IL","f","79","0"
"WA","IL","f","80","0.0000955266"
"WA","IL","f","81","0.0000955266"
"WA","IL","f","82","0.0000955266"
"WA","IL","f","83","0.0000955266"
"WA","IL","f","84","0.0000955266"
"WA","IL","f","85","0"
"WA","IL","f","86","0"
"WA","IL","f","87","0"
"WA","IL","f","88","0"
"WA","IL","f","89","0"
"WA","IL","f","90","0"
"WA","IL","f","91","0"
"WA","IL","f","92","0"
"WA","IL","f","93","0"
"WA","IL","f","94","0"
"WA","IL","f","95","0"
"WA","IL","f","96","0"
"WA","IL","f","97","0"
"WA","IL","f","98","0"
"WA","IL","f","99","0"
"WA","IL","f","100","0"
"WA","IN","m","0","0.0000780174"
"WA","IN","m","1","0.0000780174"
"WA","IN","m","2","0.0000780174"
"WA","IN","m","3","0.0000780174"
"WA","IN","m","4","0.0000780174"
"WA","IN","m","5","0.000301924"
"WA","IN","m","6","0.000301924"
"WA","IN","m","7","0.000301924"
"WA","IN","m","8","0.000301924"
"WA","IN","m","9","0.000301924"
"WA","IN","m","10","0.000126197"
"WA","IN","m","11","0.000126197"
"WA","IN","m","12","0.000126197"
"WA","IN","m","13","0.000126197"
"WA","IN","m","14","0.000126197"
"WA","IN","m","15","0.000198059"
"WA","IN","m","16","0.000198059"
"WA","IN","m","17","0.000198059"
"WA","IN","m","18","0.000198059"
"WA","IN","m","19","0.000198059"
"WA","IN","m","20","0.000254699"
"WA","IN","m","21","0.000254699"
"WA","IN","m","22","0.000254699"
"WA","IN","m","23","0.000254699"
"WA","IN","m","24","0.000254699"
"WA","IN","m","25","0.000114582"
"WA","IN","m","26","0.000114582"
"WA","IN","m","27","0.000114582"
"WA","IN","m","28","0.000114582"
"WA","IN","m","29","0.000114582"
"WA","IN","m","30","0.000361179"
"WA","IN","m","31","0.000361179"
"WA","IN","m","32","0.000361179"
"WA","IN","m","33","0.000361179"
"WA","IN","m","34","0.000361179"
"WA","IN","m","35","0.000212686"
"WA","IN","m","36","0.000212686"
"WA","IN","m","37","0.000212686"
"WA","IN","m","38","0.000212686"
"WA","IN","m","39","0.000212686"
"WA","IN","m","40","0.0000578"
"WA","IN","m","41","0.0000578"
"WA","IN","m","42","0.0000578"
"WA","IN","m","43","0.0000578"
"WA","IN","m","44","0.0000578"
"WA","IN","m","45","0.0000960989"
"WA","IN","m","46","0.0000960989"
"WA","IN","m","47","0.0000960989"
"WA","IN","m","48","0.0000960989"
"WA","IN","m","49","0.0000960989"
"WA","IN","m","50","0.000051"
"WA","IN","m","51","0.000051"
"WA","IN","m","52","0.000051"
"WA","IN","m","53","0.000051"
"WA","IN","m","54","0.000051"
"WA","IN","m","55","0"
"WA","IN","m","56","0"
"WA","IN","m","57","0"
"WA","IN","m","58","0"
"WA","IN","m","59","0"
"WA","IN","m","60","0.000118354"
"WA","IN","m","61","0.000118354"
"WA","IN","m","62","0.000118354"
"WA","IN","m","63","0.000118354"
"WA","IN","m","64","0.000118354"
"WA","IN","m","65","0.0000999395"
"WA","IN","m","66","0.0000999395"
"WA","IN","m","67","0.0000999395"
"WA","IN","m","68","0.0000999395"
"WA","IN","m","69","0.0000999395"
"WA","IN","m","70","0"
"WA","IN","m","71","0"
"WA","IN","m","72","0"
"WA","IN","m","73","0"
"WA","IN","m","74","0"
"WA","IN","m","75","0"
"WA","IN","m","76","0"
"WA","IN","m","77","0"
"WA","IN","m","78","0"
"WA","IN","m","79","0"
"WA","IN","m","80","0"
"WA","IN","m","81","0"
"WA","IN","m","82","0"
"WA","IN","m","83","0"
"WA","IN","m","84","0"
"WA","IN","m","85","0"
"WA","IN","m","86","0"
"WA","IN","m","87","0"
"WA","IN","m","88","0"
"WA","IN","m","89","0"
"WA","IN","m","90","0"
"WA","IN","m","91","0"
"WA","IN","m","92","0"
"WA","IN","m","93","0"
"WA","IN","m","94","0"
"WA","IN","m","95","0"
"WA","IN","m","96","0"
"WA","IN","m","97","0"
"WA","IN","m","98","0"
"WA","IN","m","99","0"
"WA","IN","m","100","0"
"WA","IN","f","0","0.000244564"
"WA","IN","f","1","0.000244564"
"WA","IN","f","2","0.000244564"
"WA","IN","f","3","0.000244564"
"WA","IN","f","4","0.000244564"
"WA","IN","f","5","0.0000494"
"WA","IN","f","6","0.0000494"
"WA","IN","f","7","0.0000494"
"WA","IN","f","8","0.0000494"
"WA","IN","f","9","0.0000494"
"WA","IN","f","10","0.0000803768"
"WA","IN","f","11","0.0000803768"
"WA","IN","f","12","0.0000803768"
"WA","IN","f","13","0.0000803768"
"WA","IN","f","14","0.0000803768"
"WA","IN","f","15","0.000151663"
"WA","IN","f","16","0.000151663"
"WA","IN","f","17","0.000151663"
"WA","IN","f","18","0.000151663"
"WA","IN","f","19","0.000151663"
"WA","IN","f","20","0.000280682"
"WA","IN","f","21","0.000280682"
"WA","IN","f","22","0.000280682"
"WA","IN","f","23","0.000280682"
"WA","IN","f","24","0.000280682"
"WA","IN","f","25","0.000244878"
"WA","IN","f","26","0.000244878"
"WA","IN","f","27","0.000244878"
"WA","IN","f","28","0.000244878"
"WA","IN","f","29","0.000244878"
"WA","IN","f","30","0.000251164"
"WA","IN","f","31","0.000251164"
"WA","IN","f","32","0.000251164"
"WA","IN","f","33","0.000251164"
"WA","IN","f","34","0.000251164"
"WA","IN","f","35","0.000233433"
"WA","IN","f","36","0.000233433"
"WA","IN","f","37","0.000233433"
"WA","IN","f","38","0.000233433"
"WA","IN","f","39","0.000233433"
"WA","IN","f","40","0.000107396"
"WA","IN","f","41","0.000107396"
"WA","IN","f","42","0.000107396"
"WA","IN","f","43","0.000107396"
"WA","IN","f","44","0.000107396"
"WA","IN","f","45","0"
"WA","IN","f","46","0"
"WA","IN","f","47","0"
"WA","IN","f","48","0"
"WA","IN","f","49","0"
"WA","IN","f","50","0.0000705933"
"WA","IN","f","51","0.0000705933"
"WA","IN","f","52","0.0000705933"
"WA","IN","f","53","0.0000705933"
"WA","IN","f","54","0.0000705933"
"WA","IN","f","55","0"
"WA","IN","f","56","0"
"WA","IN","f","57","0"
"WA","IN","f","58","0"
"WA","IN","f","59","0"
"WA","IN","f","60","0.00011573"
"WA","IN","f","61","0.00011573"
"WA","IN","f","62","0.00011573"
"WA","IN","f","63","0.00011573"
"WA","IN","f","64","0.00011573"
"WA","IN","f","65","0.000164498"
"WA","IN","f","66","0.000164498"
"WA","IN","f","67","0.000164498"
"WA","IN","f","68","0.000164498"
"WA","IN","f","69","0.000164498"
"WA","IN","f","70","0.000102003"
"WA","IN","f","71","0.000102003"
"WA","IN","f","72","0.000102003"
"WA","IN","f","73","0.000102003"
"WA","IN","f","74","0.000102003"
"WA","IN","f","75","0"
"WA","IN","f","76","0"
"WA","IN","f","77","0"
"WA","IN","f","78","0"
"WA","IN","f","79","0"
"WA","IN","f","80","0"
"WA","IN","f","81","0"
"WA","IN","f","82","0"
"WA","IN","f","83","0"
"WA","IN","f","84","0"
"WA","IN","f","85","0"
"WA","IN","f","86","0"
"WA","IN","f","87","0"
"WA","IN","f","88","0"
"WA","IN","f","89","0"
"WA","IN","f","90","0"
"WA","IN","f","91","0"
"WA","IN","f","92","0"
"WA","IN","f","93","0"
"WA","IN","f","94","0"
"WA","IN","f","95","0"
"WA","IN","f","96","0"
"WA","IN","f","97","0"
"WA","IN","f","98","0"
"WA","IN","f","99","0"
"WA","IN","f","100","0"
"WA","KS","m","0","0.00022505"
"WA","KS","m","1","0.00022505"
"WA","KS","m","2","0.00022505"
"WA","KS","m","3","0.00022505"
"WA","KS","m","4","0.00022505"
"WA","KS","m","5","0"
"WA","KS","m","6","0"
"WA","KS","m","7","0"
"WA","KS","m","8","0"
"WA","KS","m","9","0"
"WA","KS","m","10","0.0000901405"
"WA","KS","m","11","0.0000901405"
"WA","KS","m","12","0.0000901405"
"WA","KS","m","13","0.0000901405"
"WA","KS","m","14","0.0000901405"
"WA","KS","m","15","0.000119123"
"WA","KS","m","16","0.000119123"
"WA","KS","m","17","0.000119123"
"WA","KS","m","18","0.000119123"
"WA","KS","m","19","0.000119123"
"WA","KS","m","20","0.000262871"
"WA","KS","m","21","0.000262871"
"WA","KS","m","22","0.000262871"
"WA","KS","m","23","0.000262871"
"WA","KS","m","24","0.000262871"
"WA","KS","m","25","0.0002386"
"WA","KS","m","26","0.0002386"
"WA","KS","m","27","0.0002386"
"WA","KS","m","28","0.0002386"
"WA","KS","m","29","0.0002386"
"WA","KS","m","30","0.000365444"
"WA","KS","m","31","0.000365444"
"WA","KS","m","32","0.000365444"
"WA","KS","m","33","0.000365444"
"WA","KS","m","34","0.000365444"
"WA","KS","m","35","0.000377627"
"WA","KS","m","36","0.000377627"
"WA","KS","m","37","0.000377627"
"WA","KS","m","38","0.000377627"
"WA","KS","m","39","0.000377627"
"WA","KS","m","40","0.000157814"
"WA","KS","m","41","0.000157814"
"WA","KS","m","42","0.000157814"
"WA","KS","m","43","0.000157814"
"WA","KS","m","44","0.000157814"
"WA","KS","m","45","0"
"WA","KS","m","46","0"
"WA","KS","m","47","0"
"WA","KS","m","48","0"
"WA","KS","m","49","0"
"WA","KS","m","50","0.000029"
"WA","KS","m","51","0.000029"
"WA","KS","m","52","0.000029"
"WA","KS","m","53","0.000029"
"WA","KS","m","54","0.000029"
"WA","KS","m","55","0.0000422"
"WA","KS","m","56","0.0000422"
"WA","KS","m","57","0.0000422"
"WA","KS","m","58","0.0000422"
"WA","KS","m","59","0.0000422"
"WA","KS","m","60","0.0000194"
"WA","KS","m","61","0.0000194"
"WA","KS","m","62","0.0000194"
"WA","KS","m","63","0.0000194"
"WA","KS","m","64","0.0000194"
"WA","KS","m","65","0.00012919"
"WA","KS","m","66","0.00012919"
"WA","KS","m","67","0.00012919"
"WA","KS","m","68","0.00012919"
"WA","KS","m","69","0.00012919"
"WA","KS","m","70","0"
"WA","KS","m","71","0"
"WA","KS","m","72","0"
"WA","KS","m","73","0"
"WA","KS","m","74","0"
"WA","KS","m","75","0"
"WA","KS","m","76","0"
"WA","KS","m","77","0"
"WA","KS","m","78","0"
"WA","KS","m","79","0"
"WA","KS","m","80","0"
"WA","KS","m","81","0"
"WA","KS","m","82","0"
"WA","KS","m","83","0"
"WA","KS","m","84","0"
"WA","KS","m","85","0"
"WA","KS","m","86","0"
"WA","KS","m","87","0"
"WA","KS","m","88","0"
"WA","KS","m","89","0"
"WA","KS","m","90","0"
"WA","KS","m","91","0"
"WA","KS","m","92","0"
"WA","KS","m","93","0"
"WA","KS","m","94","0"
"WA","KS","m","95","0"
"WA","KS","m","96","0"
"WA","KS","m","97","0"
"WA","KS","m","98","0"
"WA","KS","m","99","0"
"WA","KS","m","100","0"
"WA","KS","f","0","0.000633359"
"WA","KS","f","1","0.000633359"
"WA","KS","f","2","0.000633359"
"WA","KS","f","3","0.000633359"
"WA","KS","f","4","0.000633359"
"WA","KS","f","5","0.000414203"
"WA","KS","f","6","0.000414203"
"WA","KS","f","7","0.000414203"
"WA","KS","f","8","0.000414203"
"WA","KS","f","9","0.000414203"
"WA","KS","f","10","0.000166937"
"WA","KS","f","11","0.000166937"
"WA","KS","f","12","0.000166937"
"WA","KS","f","13","0.000166937"
"WA","KS","f","14","0.000166937"
"WA","KS","f","15","0.000107681"
"WA","KS","f","16","0.000107681"
"WA","KS","f","17","0.000107681"
"WA","KS","f","18","0.000107681"
"WA","KS","f","19","0.000107681"
"WA","KS","f","20","0.0000544"
"WA","KS","f","21","0.0000544"
"WA","KS","f","22","0.0000544"
"WA","KS","f","23","0.0000544"
"WA","KS","f","24","0.0000544"
"WA","KS","f","25","0.000388427"
"WA","KS","f","26","0.000388427"
"WA","KS","f","27","0.000388427"
"WA","KS","f","28","0.000388427"
"WA","KS","f","29","0.000388427"
"WA","KS","f","30","0.000438798"
"WA","KS","f","31","0.000438798"
"WA","KS","f","32","0.000438798"
"WA","KS","f","33","0.000438798"
"WA","KS","f","34","0.000438798"
"WA","KS","f","35","0.0000281"
"WA","KS","f","36","0.0000281"
"WA","KS","f","37","0.0000281"
"WA","KS","f","38","0.0000281"
"WA","KS","f","39","0.0000281"
"WA","KS","f","40","0.0000116"
"WA","KS","f","41","0.0000116"
"WA","KS","f","42","0.0000116"
"WA","KS","f","43","0.0000116"
"WA","KS","f","44","0.0000116"
"WA","KS","f","45","0.0000447"
"WA","KS","f","46","0.0000447"
"WA","KS","f","47","0.0000447"
"WA","KS","f","48","0.0000447"
"WA","KS","f","49","0.0000447"
"WA","KS","f","50","0.0000299"
"WA","KS","f","51","0.0000299"
"WA","KS","f","52","0.0000299"
"WA","KS","f","53","0.0000299"
"WA","KS","f","54","0.0000299"
"WA","KS","f","55","0"
"WA","KS","f","56","0"
"WA","KS","f","57","0"
"WA","KS","f","58","0"
"WA","KS","f","59","0"
"WA","KS","f","60","0.000047"
"WA","KS","f","61","0.000047"
"WA","KS","f","62","0.000047"
"WA","KS","f","63","0.000047"
"WA","KS","f","64","0.000047"
"WA","KS","f","65","0.0000338"
"WA","KS","f","66","0.0000338"
"WA","KS","f","67","0.0000338"
"WA","KS","f","68","0.0000338"
"WA","KS","f","69","0.0000338"
"WA","KS","f","70","0.000121129"
"WA","KS","f","71","0.000121129"
"WA","KS","f","72","0.000121129"
"WA","KS","f","73","0.000121129"
"WA","KS","f","74","0.000121129"
"WA","KS","f","75","0"
"WA","KS","f","76","0"
"WA","KS","f","77","0"
"WA","KS","f","78","0"
"WA","KS","f","79","0"
"WA","KS","f","80","0.0000754158"
"WA","KS","f","81","0.0000754158"
"WA","KS","f","82","0.0000754158"
"WA","KS","f","83","0.0000754158"
"WA","KS","f","84","0.0000754158"
"WA","KS","f","85","0"
"WA","KS","f","86","0"
"WA","KS","f","87","0"
"WA","KS","f","88","0"
"WA","KS","f","89","0"
"WA","KS","f","90","0"
"WA","KS","f","91","0"
"WA","KS","f","92","0"
"WA","KS","f","93","0"
"WA","KS","f","94","0"
"WA","KS","f","95","0"
"WA","KS","f","96","0"
"WA","KS","f","97","0"
"WA","KS","f","98","0"
"WA","KS","f","99","0"
"WA","KS","f","100","0"
"WA","KY","m","0","0.000099022"
"WA","KY","m","1","0.000099022"
"WA","KY","m","2","0.000099022"
"WA","KY","m","3","0.000099022"
"WA","KY","m","4","0.000099022"
"WA","KY","m","5","0.000109654"
"WA","KY","m","6","0.000109654"
"WA","KY","m","7","0.000109654"
"WA","KY","m","8","0.000109654"
"WA","KY","m","9","0.000109654"
"WA","KY","m","10","0.0000511"
"WA","KY","m","11","0.0000511"
"WA","KY","m","12","0.0000511"
"WA","KY","m","13","0.0000511"
"WA","KY","m","14","0.0000511"
"WA","KY","m","15","0.000295654"
"WA","KY","m","16","0.000295654"
"WA","KY","m","17","0.000295654"
"WA","KY","m","18","0.000295654"
"WA","KY","m","19","0.000295654"
"WA","KY","m","20","0.000306456"
"WA","KY","m","21","0.000306456"
"WA","KY","m","22","0.000306456"
"WA","KY","m","23","0.000306456"
"WA","KY","m","24","0.000306456"
"WA","KY","m","25","0.00021838"
"WA","KY","m","26","0.00021838"
"WA","KY","m","27","0.00021838"
"WA","KY","m","28","0.00021838"
"WA","KY","m","29","0.00021838"
"WA","KY","m","30","0.000119445"
"WA","KY","m","31","0.000119445"
"WA","KY","m","32","0.000119445"
"WA","KY","m","33","0.000119445"
"WA","KY","m","34","0.000119445"
"WA","KY","m","35","0.000149025"
"WA","KY","m","36","0.000149025"
"WA","KY","m","37","0.000149025"
"WA","KY","m","38","0.000149025"
"WA","KY","m","39","0.000149025"
"WA","KY","m","40","0.000225449"
"WA","KY","m","41","0.000225449"
"WA","KY","m","42","0.000225449"
"WA","KY","m","43","0.000225449"
"WA","KY","m","44","0.000225449"
"WA","KY","m","45","0.0000153"
"WA","KY","m","46","0.0000153"
"WA","KY","m","47","0.0000153"
"WA","KY","m","48","0.0000153"
"WA","KY","m","49","0.0000153"
"WA","KY","m","50","0.000133757"
"WA","KY","m","51","0.000133757"
"WA","KY","m","52","0.000133757"
"WA","KY","m","53","0.000133757"
"WA","KY","m","54","0.000133757"
"WA","KY","m","55","0"
"WA","KY","m","56","0"
"WA","KY","m","57","0"
"WA","KY","m","58","0"
"WA","KY","m","59","0"
"WA","KY","m","60","0.000053"
"WA","KY","m","61","0.000053"
"WA","KY","m","62","0.000053"
"WA","KY","m","63","0.000053"
"WA","KY","m","64","0.000053"
"WA","KY","m","65","0"
"WA","KY","m","66","0"
"WA","KY","m","67","0"
"WA","KY","m","68","0"
"WA","KY","m","69","0"
"WA","KY","m","70","0"
"WA","KY","m","71","0"
"WA","KY","m","72","0"
"WA","KY","m","73","0"
"WA","KY","m","74","0"
"WA","KY","m","75","0"
"WA","KY","m","76","0"
"WA","KY","m","77","0"
"WA","KY","m","78","0"
"WA","KY","m","79","0"
"WA","KY","m","80","0"
"WA","KY","m","81","0"
"WA","KY","m","82","0"
"WA","KY","m","83","0"
"WA","KY","m","84","0"
"WA","KY","m","85","0"
"WA","KY","m","86","0"
"WA","KY","m","87","0"
"WA","KY","m","88","0"
"WA","KY","m","89","0"
"WA","KY","m","90","0"
"WA","KY","m","91","0"
"WA","KY","m","92","0"
"WA","KY","m","93","0"
"WA","KY","m","94","0"
"WA","KY","m","95","0"
"WA","KY","m","96","0"
"WA","KY","m","97","0"
"WA","KY","m","98","0"
"WA","KY","m","99","0"
"WA","KY","m","100","0"
"WA","KY","f","0","0.000130121"
"WA","KY","f","1","0.000130121"
"WA","KY","f","2","0.000130121"
"WA","KY","f","3","0.000130121"
"WA","KY","f","4","0.000130121"
"WA","KY","f","5","0.000133819"
"WA","KY","f","6","0.000133819"
"WA","KY","f","7","0.000133819"
"WA","KY","f","8","0.000133819"
"WA","KY","f","9","0.000133819"
"WA","KY","f","10","0.000074194"
"WA","KY","f","11","0.000074194"
"WA","KY","f","12","0.000074194"
"WA","KY","f","13","0.000074194"
"WA","KY","f","14","0.000074194"
"WA","KY","f","15","0.000177446"
"WA","KY","f","16","0.000177446"
"WA","KY","f","17","0.000177446"
"WA","KY","f","18","0.000177446"
"WA","KY","f","19","0.000177446"
"WA","KY","f","20","0.000202796"
"WA","KY","f","21","0.000202796"
"WA","KY","f","22","0.000202796"
"WA","KY","f","23","0.000202796"
"WA","KY","f","24","0.000202796"
"WA","KY","f","25","0.000275839"
"WA","KY","f","26","0.000275839"
"WA","KY","f","27","0.000275839"
"WA","KY","f","28","0.000275839"
"WA","KY","f","29","0.000275839"
"WA","KY","f","30","0.000195021"
"WA","KY","f","31","0.000195021"
"WA","KY","f","32","0.000195021"
"WA","KY","f","33","0.000195021"
"WA","KY","f","34","0.000195021"
"WA","KY","f","35","0.0000930777"
"WA","KY","f","36","0.0000930777"
"WA","KY","f","37","0.0000930777"
"WA","KY","f","38","0.0000930777"
"WA","KY","f","39","0.0000930777"
"WA","KY","f","40","0.000143679"
"WA","KY","f","41","0.000143679"
"WA","KY","f","42","0.000143679"
"WA","KY","f","43","0.000143679"
"WA","KY","f","44","0.000143679"
"WA","KY","f","45","0.0000307"
"WA","KY","f","46","0.0000307"
"WA","KY","f","47","0.0000307"
"WA","KY","f","48","0.0000307"
"WA","KY","f","49","0.0000307"
"WA","KY","f","50","0.0000977446"
"WA","KY","f","51","0.0000977446"
"WA","KY","f","52","0.0000977446"
"WA","KY","f","53","0.0000977446"
"WA","KY","f","54","0.0000977446"
"WA","KY","f","55","0"
"WA","KY","f","56","0"
"WA","KY","f","57","0"
"WA","KY","f","58","0"
"WA","KY","f","59","0"
"WA","KY","f","60","0"
"WA","KY","f","61","0"
"WA","KY","f","62","0"
"WA","KY","f","63","0"
"WA","KY","f","64","0"
"WA","KY","f","65","0.0000856292"
"WA","KY","f","66","0.0000856292"
"WA","KY","f","67","0.0000856292"
"WA","KY","f","68","0.0000856292"
"WA","KY","f","69","0.0000856292"
"WA","KY","f","70","0"
"WA","KY","f","71","0"
"WA","KY","f","72","0"
"WA","KY","f","73","0"
"WA","KY","f","74","0"
"WA","KY","f","75","0"
"WA","KY","f","76","0"
"WA","KY","f","77","0"
"WA","KY","f","78","0"
"WA","KY","f","79","0"
"WA","KY","f","80","0"
"WA","KY","f","81","0"
"WA","KY","f","82","0"
"WA","KY","f","83","0"
"WA","KY","f","84","0"
"WA","KY","f","85","0"
"WA","KY","f","86","0"
"WA","KY","f","87","0"
"WA","KY","f","88","0"
"WA","KY","f","89","0"
"WA","KY","f","90","0"
"WA","KY","f","91","0"
"WA","KY","f","92","0"
"WA","KY","f","93","0"
"WA","KY","f","94","0"
"WA","KY","f","95","0"
"WA","KY","f","96","0"
"WA","KY","f","97","0"
"WA","KY","f","98","0"
"WA","KY","f","99","0"
"WA","KY","f","100","0"
"WA","LA","m","0","0.000175539"
"WA","LA","m","1","0.000175539"
"WA","LA","m","2","0.000175539"
"WA","LA","m","3","0.000175539"
"WA","LA","m","4","0.000175539"
"WA","LA","m","5","0.000117165"
"WA","LA","m","6","0.000117165"
"WA","LA","m","7","0.000117165"
"WA","LA","m","8","0.000117165"
"WA","LA","m","9","0.000117165"
"WA","LA","m","10","0.000250891"
"WA","LA","m","11","0.000250891"
"WA","LA","m","12","0.000250891"
"WA","LA","m","13","0.000250891"
"WA","LA","m","14","0.000250891"
"WA","LA","m","15","0.000133475"
"WA","LA","m","16","0.000133475"
"WA","LA","m","17","0.000133475"
"WA","LA","m","18","0.000133475"
"WA","LA","m","19","0.000133475"
"WA","LA","m","20","0.0000844458"
"WA","LA","m","21","0.0000844458"
"WA","LA","m","22","0.0000844458"
"WA","LA","m","23","0.0000844458"
"WA","LA","m","24","0.0000844458"
"WA","LA","m","25","0.000307349"
"WA","LA","m","26","0.000307349"
"WA","LA","m","27","0.000307349"
"WA","LA","m","28","0.000307349"
"WA","LA","m","29","0.000307349"
"WA","LA","m","30","0.000227514"
"WA","LA","m","31","0.000227514"
"WA","LA","m","32","0.000227514"
"WA","LA","m","33","0.000227514"
"WA","LA","m","34","0.000227514"
"WA","LA","m","35","0.0000651"
"WA","LA","m","36","0.0000651"
"WA","LA","m","37","0.0000651"
"WA","LA","m","38","0.0000651"
"WA","LA","m","39","0.0000651"
"WA","LA","m","40","0.000167678"
"WA","LA","m","41","0.000167678"
"WA","LA","m","42","0.000167678"
"WA","LA","m","43","0.000167678"
"WA","LA","m","44","0.000167678"
"WA","LA","m","45","0.000121168"
"WA","LA","m","46","0.000121168"
"WA","LA","m","47","0.000121168"
"WA","LA","m","48","0.000121168"
"WA","LA","m","49","0.000121168"
"WA","LA","m","50","0.0000538"
"WA","LA","m","51","0.0000538"
"WA","LA","m","52","0.0000538"
"WA","LA","m","53","0.0000538"
"WA","LA","m","54","0.0000538"
"WA","LA","m","55","0.000116152"
"WA","LA","m","56","0.000116152"
"WA","LA","m","57","0.000116152"
"WA","LA","m","58","0.000116152"
"WA","LA","m","59","0.000116152"
"WA","LA","m","60","0"
"WA","LA","m","61","0"
"WA","LA","m","62","0"
"WA","LA","m","63","0"
"WA","LA","m","64","0"
"WA","LA","m","65","0.00011944"
"WA","LA","m","66","0.00011944"
"WA","LA","m","67","0.00011944"
"WA","LA","m","68","0.00011944"
"WA","LA","m","69","0.00011944"
"WA","LA","m","70","0"
"WA","LA","m","71","0"
"WA","LA","m","72","0"
"WA","LA","m","73","0"
"WA","LA","m","74","0"
"WA","LA","m","75","0"
"WA","LA","m","76","0"
"WA","LA","m","77","0"
"WA","LA","m","78","0"
"WA","LA","m","79","0"
"WA","LA","m","80","0"
"WA","LA","m","81","0"
"WA","LA","m","82","0"
"WA","LA","m","83","0"
"WA","LA","m","84","0"
"WA","LA","m","85","0"
"WA","LA","m","86","0"
"WA","LA","m","87","0"
"WA","LA","m","88","0"
"WA","LA","m","89","0"
"WA","LA","m","90","0"
"WA","LA","m","91","0"
"WA","LA","m","92","0"
"WA","LA","m","93","0"
"WA","LA","m","94","0"
"WA","LA","m","95","0"
"WA","LA","m","96","0"
"WA","LA","m","97","0"
"WA","LA","m","98","0"
"WA","LA","m","99","0"
"WA","LA","m","100","0"
"WA","LA","f","0","0.000166178"
"WA","LA","f","1","0.000166178"
"WA","LA","f","2","0.000166178"
"WA","LA","f","3","0.000166178"
"WA","LA","f","4","0.000166178"
"WA","LA","f","5","0.000219846"
"WA","LA","f","6","0.000219846"
"WA","LA","f","7","0.000219846"
"WA","LA","f","8","0.000219846"
"WA","LA","f","9","0.000219846"
"WA","LA","f","10","0.0000556"
"WA","LA","f","11","0.0000556"
"WA","LA","f","12","0.0000556"
"WA","LA","f","13","0.0000556"
"WA","LA","f","14","0.0000556"
"WA","LA","f","15","0.000257828"
"WA","LA","f","16","0.000257828"
"WA","LA","f","17","0.000257828"
"WA","LA","f","18","0.000257828"
"WA","LA","f","19","0.000257828"
"WA","LA","f","20","0.000592224"
"WA","LA","f","21","0.000592224"
"WA","LA","f","22","0.000592224"
"WA","LA","f","23","0.000592224"
"WA","LA","f","24","0.000592224"
"WA","LA","f","25","0.000197028"
"WA","LA","f","26","0.000197028"
"WA","LA","f","27","0.000197028"
"WA","LA","f","28","0.000197028"
"WA","LA","f","29","0.000197028"
"WA","LA","f","30","0.000156608"
"WA","LA","f","31","0.000156608"
"WA","LA","f","32","0.000156608"
"WA","LA","f","33","0.000156608"
"WA","LA","f","34","0.000156608"
"WA","LA","f","35","0.0000768261"
"WA","LA","f","36","0.0000768261"
"WA","LA","f","37","0.0000768261"
"WA","LA","f","38","0.0000768261"
"WA","LA","f","39","0.0000768261"
"WA","LA","f","40","0.000142227"
"WA","LA","f","41","0.000142227"
"WA","LA","f","42","0.000142227"
"WA","LA","f","43","0.000142227"
"WA","LA","f","44","0.000142227"
"WA","LA","f","45","0.0000335"
"WA","LA","f","46","0.0000335"
"WA","LA","f","47","0.0000335"
"WA","LA","f","48","0.0000335"
"WA","LA","f","49","0.0000335"
"WA","LA","f","50","0.0000136"
"WA","LA","f","51","0.0000136"
"WA","LA","f","52","0.0000136"
"WA","LA","f","53","0.0000136"
"WA","LA","f","54","0.0000136"
"WA","LA","f","55","0.0000694868"
"WA","LA","f","56","0.0000694868"
"WA","LA","f","57","0.0000694868"
"WA","LA","f","58","0.0000694868"
"WA","LA","f","59","0.0000694868"
"WA","LA","f","60","0"
"WA","LA","f","61","0"
"WA","LA","f","62","0"
"WA","LA","f","63","0"
"WA","LA","f","64","0"
"WA","LA","f","65","0"
"WA","LA","f","66","0"
"WA","LA","f","67","0"
"WA","LA","f","68","0"
"WA","LA","f","69","0"
"WA","LA","f","70","0"
"WA","LA","f","71","0"
"WA","LA","f","72","0"
"WA","LA","f","73","0"
"WA","LA","f","74","0"
"WA","LA","f","75","0"
"WA","LA","f","76","0"
"WA","LA","f","77","0"
"WA","LA","f","78","0"
"WA","LA","f","79","0"
"WA","LA","f","80","0"
"WA","LA","f","81","0"
"WA","LA","f","82","0"
"WA","LA","f","83","0"
"WA","LA","f","84","0"
"WA","LA","f","85","0.0000798"
"WA","LA","f","86","0.0000798"
"WA","LA","f","87","0.0000798"
"WA","LA","f","88","0.0000798"
"WA","LA","f","89","0.0000798"
"WA","LA","f","90","0"
"WA","LA","f","91","0"
"WA","LA","f","92","0"
"WA","LA","f","93","0"
"WA","LA","f","94","0"
"WA","LA","f","95","0"
"WA","LA","f","96","0"
"WA","LA","f","97","0"
"WA","LA","f","98","0"
"WA","LA","f","99","0"
"WA","LA","f","100","0"
"WA","MA","m","0","0.000150033"
"WA","MA","m","1","0.000150033"
"WA","MA","m","2","0.000150033"
"WA","MA","m","3","0.000150033"
"WA","MA","m","4","0.000150033"
"WA","MA","m","5","0"
"WA","MA","m","6","0"
"WA","MA","m","7","0"
"WA","MA","m","8","0"
"WA","MA","m","9","0"
"WA","MA","m","10","0.0000436"
"WA","MA","m","11","0.0000436"
"WA","MA","m","12","0.0000436"
"WA","MA","m","13","0.0000436"
"WA","MA","m","14","0.0000436"
"WA","MA","m","15","0.000315747"
"WA","MA","m","16","0.000315747"
"WA","MA","m","17","0.000315747"
"WA","MA","m","18","0.000315747"
"WA","MA","m","19","0.000315747"
"WA","MA","m","20","0.000322801"
"WA","MA","m","21","0.000322801"
"WA","MA","m","22","0.000322801"
"WA","MA","m","23","0.000322801"
"WA","MA","m","24","0.000322801"
"WA","MA","m","25","0.000393622"
"WA","MA","m","26","0.000393622"
"WA","MA","m","27","0.000393622"
"WA","MA","m","28","0.000393622"
"WA","MA","m","29","0.000393622"
"WA","MA","m","30","0.00039104"
"WA","MA","m","31","0.00039104"
"WA","MA","m","32","0.00039104"
"WA","MA","m","33","0.00039104"
"WA","MA","m","34","0.00039104"
"WA","MA","m","35","0.000154812"
"WA","MA","m","36","0.000154812"
"WA","MA","m","37","0.000154812"
"WA","MA","m","38","0.000154812"
"WA","MA","m","39","0.000154812"
"WA","MA","m","40","0.000112725"
"WA","MA","m","41","0.000112725"
"WA","MA","m","42","0.000112725"
"WA","MA","m","43","0.000112725"
"WA","MA","m","44","0.000112725"
"WA","MA","m","45","0.000121168"
"WA","MA","m","46","0.000121168"
"WA","MA","m","47","0.000121168"
"WA","MA","m","48","0.000121168"
"WA","MA","m","49","0.000121168"
"WA","MA","m","50","0.000165472"
"WA","MA","m","51","0.000165472"
"WA","MA","m","52","0.000165472"
"WA","MA","m","53","0.000165472"
"WA","MA","m","54","0.000165472"
"WA","MA","m","55","0.0000693892"
"WA","MA","m","56","0.0000693892"
"WA","MA","m","57","0.0000693892"
"WA","MA","m","58","0.0000693892"
"WA","MA","m","59","0.0000693892"
"WA","MA","m","60","0.0000812578"
"WA","MA","m","61","0.0000812578"
"WA","MA","m","62","0.0000812578"
"WA","MA","m","63","0.0000812578"
"WA","MA","m","64","0.0000812578"
"WA","MA","m","65","0"
"WA","MA","m","66","0"
"WA","MA","m","67","0"
"WA","MA","m","68","0"
"WA","MA","m","69","0"
"WA","MA","m","70","0.0000793684"
"WA","MA","m","71","0.0000793684"
"WA","MA","m","72","0.0000793684"
"WA","MA","m","73","0.0000793684"
"WA","MA","m","74","0.0000793684"
"WA","MA","m","75","0.0000855601"
"WA","MA","m","76","0.0000855601"
"WA","MA","m","77","0.0000855601"
"WA","MA","m","78","0.0000855601"
"WA","MA","m","79","0.0000855601"
"WA","MA","m","80","0"
"WA","MA","m","81","0"
"WA","MA","m","82","0"
"WA","MA","m","83","0"
"WA","MA","m","84","0"
"WA","MA","m","85","0"
"WA","MA","m","86","0"
"WA","MA","m","87","0"
"WA","MA","m","88","0"
"WA","MA","m","89","0"
"WA","MA","m","90","0"
"WA","MA","m","91","0"
"WA","MA","m","92","0"
"WA","MA","m","93","0"
"WA","MA","m","94","0"
"WA","MA","m","95","0"
"WA","MA","m","96","0"
"WA","MA","m","97","0"
"WA","MA","m","98","0"
"WA","MA","m","99","0"
"WA","MA","m","100","0"
"WA","MA","f","0","0.000155204"
"WA","MA","f","1","0.000155204"
"WA","MA","f","2","0.000155204"
"WA","MA","f","3","0.000155204"
"WA","MA","f","4","0.000155204"
"WA","MA","f","5","0.000103551"
"WA","MA","f","6","0.000103551"
"WA","MA","f","7","0.000103551"
"WA","MA","f","8","0.000103551"
"WA","MA","f","9","0.000103551"
"WA","MA","f","10","0.0000572"
"WA","MA","f","11","0.0000572"
"WA","MA","f","12","0.0000572"
"WA","MA","f","13","0.0000572"
"WA","MA","f","14","0.0000572"
"WA","MA","f","15","0.000480773"
"WA","MA","f","16","0.000480773"
"WA","MA","f","17","0.000480773"
"WA","MA","f","18","0.000480773"
"WA","MA","f","19","0.000480773"
"WA","MA","f","20","0.000401184"
"WA","MA","f","21","0.000401184"
"WA","MA","f","22","0.000401184"
"WA","MA","f","23","0.000401184"
"WA","MA","f","24","0.000401184"
"WA","MA","f","25","0.000488348"
"WA","MA","f","26","0.000488348"
"WA","MA","f","27","0.000488348"
"WA","MA","f","28","0.000488348"
"WA","MA","f","29","0.000488348"
"WA","MA","f","30","0.000260028"
"WA","MA","f","31","0.000260028"
"WA","MA","f","32","0.000260028"
"WA","MA","f","33","0.000260028"
"WA","MA","f","34","0.000260028"
"WA","MA","f","35","0.00020093"
"WA","MA","f","36","0.00020093"
"WA","MA","f","37","0.00020093"
"WA","MA","f","38","0.00020093"
"WA","MA","f","39","0.00020093"
"WA","MA","f","40","0.000179961"
"WA","MA","f","41","0.000179961"
"WA","MA","f","42","0.000179961"
"WA","MA","f","43","0.000179961"
"WA","MA","f","44","0.000179961"
"WA","MA","f","45","0.000159299"
"WA","MA","f","46","0.000159299"
"WA","MA","f","47","0.000159299"
"WA","MA","f","48","0.000159299"
"WA","MA","f","49","0.000159299"
"WA","MA","f","50","0.0000652"
"WA","MA","f","51","0.0000652"
"WA","MA","f","52","0.0000652"
"WA","MA","f","53","0.0000652"
"WA","MA","f","54","0.0000652"
"WA","MA","f","55","0.0000926491"
"WA","MA","f","56","0.0000926491"
"WA","MA","f","57","0.0000926491"
"WA","MA","f","58","0.0000926491"
"WA","MA","f","59","0.0000926491"
"WA","MA","f","60","0"
"WA","MA","f","61","0"
"WA","MA","f","62","0"
"WA","MA","f","63","0"
"WA","MA","f","64","0"
"WA","MA","f","65","0.000027"
"WA","MA","f","66","0.000027"
"WA","MA","f","67","0.000027"
"WA","MA","f","68","0.000027"
"WA","MA","f","69","0.000027"
"WA","MA","f","70","0.000111566"
"WA","MA","f","71","0.000111566"
"WA","MA","f","72","0.000111566"
"WA","MA","f","73","0.000111566"
"WA","MA","f","74","0.000111566"
"WA","MA","f","75","0"
"WA","MA","f","76","0"
"WA","MA","f","77","0"
"WA","MA","f","78","0"
"WA","MA","f","79","0"
"WA","MA","f","80","0"
"WA","MA","f","81","0"
"WA","MA","f","82","0"
"WA","MA","f","83","0"
"WA","MA","f","84","0"
"WA","MA","f","85","0"
"WA","MA","f","86","0"
"WA","MA","f","87","0"
"WA","MA","f","88","0"
"WA","MA","f","89","0"
"WA","MA","f","90","0"
"WA","MA","f","91","0"
"WA","MA","f","92","0"
"WA","MA","f","93","0"
"WA","MA","f","94","0"
"WA","MA","f","95","0"
"WA","MA","f","96","0"
"WA","MA","f","97","0"
"WA","MA","f","98","0"
"WA","MA","f","99","0"
"WA","MA","f","100","0"
"WA","MD","m","0","0.000105023"
"WA","MD","m","1","0.000105023"
"WA","MD","m","2","0.000105023"
"WA","MD","m","3","0.000105023"
"WA","MD","m","4","0.000105023"
"WA","MD","m","5","0.000183258"
"WA","MD","m","6","0.000183258"
"WA","MD","m","7","0.000183258"
"WA","MD","m","8","0.000183258"
"WA","MD","m","9","0.000183258"
"WA","MD","m","10","0.0000856335"
"WA","MD","m","11","0.0000856335"
"WA","MD","m","12","0.0000856335"
"WA","MD","m","13","0.0000856335"
"WA","MD","m","14","0.0000856335"
"WA","MD","m","15","0.0000287"
"WA","MD","m","16","0.0000287"
"WA","MD","m","17","0.0000287"
"WA","MD","m","18","0.0000287"
"WA","MD","m","19","0.0000287"
"WA","MD","m","20","0.000371834"
"WA","MD","m","21","0.000371834"
"WA","MD","m","22","0.000371834"
"WA","MD","m","23","0.000371834"
"WA","MD","m","24","0.000371834"
"WA","MD","m","25","0.000316785"
"WA","MD","m","26","0.000316785"
"WA","MD","m","27","0.000316785"
"WA","MD","m","28","0.000316785"
"WA","MD","m","29","0.000316785"
"WA","MD","m","30","0.000250265"
"WA","MD","m","31","0.000250265"
"WA","MD","m","32","0.000250265"
"WA","MD","m","33","0.000250265"
"WA","MD","m","34","0.000250265"
"WA","MD","m","35","0.000409457"
"WA","MD","m","36","0.000409457"
"WA","MD","m","37","0.000409457"
"WA","MD","m","38","0.000409457"
"WA","MD","m","39","0.000409457"
"WA","MD","m","40","0.000102861"
"WA","MD","m","41","0.000102861"
"WA","MD","m","42","0.000102861"
"WA","MD","m","43","0.000102861"
"WA","MD","m","44","0.000102861"
"WA","MD","m","45","0.000121168"
"WA","MD","m","46","0.000121168"
"WA","MD","m","47","0.000121168"
"WA","MD","m","48","0.000121168"
"WA","MD","m","49","0.000121168"
"WA","MD","m","50","0.000111694"
"WA","MD","m","51","0.000111694"
"WA","MD","m","52","0.000111694"
"WA","MD","m","53","0.000111694"
"WA","MD","m","54","0.000111694"
"WA","MD","m","55","0.000122185"
"WA","MD","m","56","0.000122185"
"WA","MD","m","57","0.000122185"
"WA","MD","m","58","0.000122185"
"WA","MD","m","59","0.000122185"
"WA","MD","m","60","0.00000707"
"WA","MD","m","61","0.00000707"
"WA","MD","m","62","0.00000707"
"WA","MD","m","63","0.00000707"
"WA","MD","m","64","0.00000707"
"WA","MD","m","65","0.000075564"
"WA","MD","m","66","0.000075564"
"WA","MD","m","67","0.000075564"
"WA","MD","m","68","0.000075564"
"WA","MD","m","69","0.000075564"
"WA","MD","m","70","0.0000483"
"WA","MD","m","71","0.0000483"
"WA","MD","m","72","0.0000483"
"WA","MD","m","73","0.0000483"
"WA","MD","m","74","0.0000483"
"WA","MD","m","75","0"
"WA","MD","m","76","0"
"WA","MD","m","77","0"
"WA","MD","m","78","0"
"WA","MD","m","79","0"
"WA","MD","m","80","0"
"WA","MD","m","81","0"
"WA","MD","m","82","0"
"WA","MD","m","83","0"
"WA","MD","m","84","0"
"WA","MD","m","85","0"
"WA","MD","m","86","0"
"WA","MD","m","87","0"
"WA","MD","m","88","0"
"WA","MD","m","89","0"
"WA","MD","m","90","0"
"WA","MD","m","91","0"
"WA","MD","m","92","0"
"WA","MD","m","93","0"
"WA","MD","m","94","0"
"WA","MD","m","95","0"
"WA","MD","m","96","0"
"WA","MD","m","97","0"
"WA","MD","m","98","0"
"WA","MD","m","99","0"
"WA","MD","m","100","0"
"WA","MD","f","0","0.000224184"
"WA","MD","f","1","0.000224184"
"WA","MD","f","2","0.000224184"
"WA","MD","f","3","0.000224184"
"WA","MD","f","4","0.000224184"
"WA","MD","f","5","0.000106737"
"WA","MD","f","6","0.000106737"
"WA","MD","f","7","0.000106737"
"WA","MD","f","8","0.000106737"
"WA","MD","f","9","0.000106737"
"WA","MD","f","10","0.0000958339"
"WA","MD","f","11","0.0000958339"
"WA","MD","f","12","0.0000958339"
"WA","MD","f","13","0.0000958339"
"WA","MD","f","14","0.0000958339"
"WA","MD","f","15","0.0000455"
"WA","MD","f","16","0.0000455"
"WA","MD","f","17","0.0000455"
"WA","MD","f","18","0.0000455"
"WA","MD","f","19","0.0000455"
"WA","MD","f","20","0.000243944"
"WA","MD","f","21","0.000243944"
"WA","MD","f","22","0.000243944"
"WA","MD","f","23","0.000243944"
"WA","MD","f","24","0.000243944"
"WA","MD","f","25","0.000396871"
"WA","MD","f","26","0.000396871"
"WA","MD","f","27","0.000396871"
"WA","MD","f","28","0.000396871"
"WA","MD","f","29","0.000396871"
"WA","MD","f","30","0.000159563"
"WA","MD","f","31","0.000159563"
"WA","MD","f","32","0.000159563"
"WA","MD","f","33","0.000159563"
"WA","MD","f","34","0.000159563"
"WA","MD","f","35","0.000178768"
"WA","MD","f","36","0.000178768"
"WA","MD","f","37","0.000178768"
"WA","MD","f","38","0.000178768"
"WA","MD","f","39","0.000178768"
"WA","MD","f","40","0.000103042"
"WA","MD","f","41","0.000103042"
"WA","MD","f","42","0.000103042"
"WA","MD","f","43","0.000103042"
"WA","MD","f","44","0.000103042"
"WA","MD","f","45","0.0000740603"
"WA","MD","f","46","0.0000740603"
"WA","MD","f","47","0.0000740603"
"WA","MD","f","48","0.0000740603"
"WA","MD","f","49","0.0000740603"
"WA","MD","f","50","0.0000557"
"WA","MD","f","51","0.0000557"
"WA","MD","f","52","0.0000557"
"WA","MD","f","53","0.0000557"
"WA","MD","f","54","0.0000557"
"WA","MD","f","55","0.000121602"
"WA","MD","f","56","0.000121602"
"WA","MD","f","57","0.000121602"
"WA","MD","f","58","0.000121602"
"WA","MD","f","59","0.000121602"
"WA","MD","f","60","0.000197915"
"WA","MD","f","61","0.000197915"
"WA","MD","f","62","0.000197915"
"WA","MD","f","63","0.000197915"
"WA","MD","f","64","0.000197915"
"WA","MD","f","65","0.0000428"
"WA","MD","f","66","0.0000428"
"WA","MD","f","67","0.0000428"
"WA","MD","f","68","0.0000428"
"WA","MD","f","69","0.0000428"
"WA","MD","f","70","0.00000956"
"WA","MD","f","71","0.00000956"
"WA","MD","f","72","0.00000956"
"WA","MD","f","73","0.00000956"
"WA","MD","f","74","0.00000956"
"WA","MD","f","75","0"
"WA","MD","f","76","0"
"WA","MD","f","77","0"
"WA","MD","f","78","0"
"WA","MD","f","79","0"
"WA","MD","f","80","0"
"WA","MD","f","81","0"
"WA","MD","f","82","0"
"WA","MD","f","83","0"
"WA","MD","f","84","0"
"WA","MD","f","85","0"
"WA","MD","f","86","0"
"WA","MD","f","87","0"
"WA","MD","f","88","0"
"WA","MD","f","89","0"
"WA","MD","f","90","0"
"WA","MD","f","91","0"
"WA","MD","f","92","0"
"WA","MD","f","93","0"
"WA","MD","f","94","0"
"WA","MD","f","95","0"
"WA","MD","f","96","0"
"WA","MD","f","97","0"
"WA","MD","f","98","0"
"WA","MD","f","99","0"
"WA","MD","f","100","0"
"WA","ME","m","0","0.000021"
"WA","ME","m","1","0.000021"
"WA","ME","m","2","0.000021"
"WA","ME","m","3","0.000021"
"WA","ME","m","4","0.000021"
"WA","ME","m","5","0"
"WA","ME","m","6","0"
"WA","ME","m","7","0"
"WA","ME","m","8","0"
"WA","ME","m","9","0"
"WA","ME","m","10","0"
"WA","ME","m","11","0"
"WA","ME","m","12","0"
"WA","ME","m","13","0"
"WA","ME","m","14","0"
"WA","ME","m","15","0.0000158"
"WA","ME","m","16","0.0000158"
"WA","ME","m","17","0.0000158"
"WA","ME","m","18","0.0000158"
"WA","ME","m","19","0.0000158"
"WA","ME","m","20","0.00000681"
"WA","ME","m","21","0.00000681"
"WA","ME","m","22","0.00000681"
"WA","ME","m","23","0.00000681"
"WA","ME","m","24","0.00000681"
"WA","ME","m","25","0.0000512"
"WA","ME","m","26","0.0000512"
"WA","ME","m","27","0.0000512"
"WA","ME","m","28","0.0000512"
"WA","ME","m","29","0.0000512"
"WA","ME","m","30","0.000183433"
"WA","ME","m","31","0.000183433"
"WA","ME","m","32","0.000183433"
"WA","ME","m","33","0.000183433"
"WA","ME","m","34","0.000183433"
"WA","ME","m","35","0.0000188"
"WA","ME","m","36","0.0000188"
"WA","ME","m","37","0.0000188"
"WA","ME","m","38","0.0000188"
"WA","ME","m","39","0.0000188"
"WA","ME","m","40","0"
"WA","ME","m","41","0"
"WA","ME","m","42","0"
"WA","ME","m","43","0"
"WA","ME","m","44","0"
"WA","ME","m","45","0"
"WA","ME","m","46","0"
"WA","ME","m","47","0"
"WA","ME","m","48","0"
"WA","ME","m","49","0"
"WA","ME","m","50","0"
"WA","ME","m","51","0"
"WA","ME","m","52","0"
"WA","ME","m","53","0"
"WA","ME","m","54","0"
"WA","ME","m","55","0.00000453"
"WA","ME","m","56","0.00000453"
"WA","ME","m","57","0.00000453"
"WA","ME","m","58","0.00000453"
"WA","ME","m","59","0.00000453"
"WA","ME","m","60","0"
"WA","ME","m","61","0"
"WA","ME","m","62","0"
"WA","ME","m","63","0"
"WA","ME","m","64","0"
"WA","ME","m","65","0"
"WA","ME","m","66","0"
"WA","ME","m","67","0"
"WA","ME","m","68","0"
"WA","ME","m","69","0"
"WA","ME","m","70","0"
"WA","ME","m","71","0"
"WA","ME","m","72","0"
"WA","ME","m","73","0"
"WA","ME","m","74","0"
"WA","ME","m","75","0"
"WA","ME","m","76","0"
"WA","ME","m","77","0"
"WA","ME","m","78","0"
"WA","ME","m","79","0"
"WA","ME","m","80","0"
"WA","ME","m","81","0"
"WA","ME","m","82","0"
"WA","ME","m","83","0"
"WA","ME","m","84","0"
"WA","ME","m","85","0"
"WA","ME","m","86","0"
"WA","ME","m","87","0"
"WA","ME","m","88","0"
"WA","ME","m","89","0"
"WA","ME","m","90","0"
"WA","ME","m","91","0"
"WA","ME","m","92","0"
"WA","ME","m","93","0"
"WA","ME","m","94","0"
"WA","ME","m","95","0"
"WA","ME","m","96","0"
"WA","ME","m","97","0"
"WA","ME","m","98","0"
"WA","ME","m","99","0"
"WA","ME","m","100","0"
"WA","ME","f","0","0"
"WA","ME","f","1","0"
"WA","ME","f","2","0"
"WA","ME","f","3","0"
"WA","ME","f","4","0"
"WA","ME","f","5","0"
"WA","ME","f","6","0"
"WA","ME","f","7","0"
"WA","ME","f","8","0"
"WA","ME","f","9","0"
"WA","ME","f","10","0.0000309"
"WA","ME","f","11","0.0000309"
"WA","ME","f","12","0.0000309"
"WA","ME","f","13","0.0000309"
"WA","ME","f","14","0.0000309"
"WA","ME","f","15","0.0000516"
"WA","ME","f","16","0.0000516"
"WA","ME","f","17","0.0000516"
"WA","ME","f","18","0.0000516"
"WA","ME","f","19","0.0000516"
"WA","ME","f","20","0.0000265"
"WA","ME","f","21","0.0000265"
"WA","ME","f","22","0.0000265"
"WA","ME","f","23","0.0000265"
"WA","ME","f","24","0.0000265"
"WA","ME","f","25","0.000126661"
"WA","ME","f","26","0.000126661"
"WA","ME","f","27","0.000126661"
"WA","ME","f","28","0.000126661"
"WA","ME","f","29","0.000126661"
"WA","ME","f","30","0.0000295"
"WA","ME","f","31","0.0000295"
"WA","ME","f","32","0.0000295"
"WA","ME","f","33","0.0000295"
"WA","ME","f","34","0.0000295"
"WA","ME","f","35","0.000203885"
"WA","ME","f","36","0.000203885"
"WA","ME","f","37","0.000203885"
"WA","ME","f","38","0.000203885"
"WA","ME","f","39","0.000203885"
"WA","ME","f","40","0"
"WA","ME","f","41","0"
"WA","ME","f","42","0"
"WA","ME","f","43","0"
"WA","ME","f","44","0"
"WA","ME","f","45","0"
"WA","ME","f","46","0"
"WA","ME","f","47","0"
"WA","ME","f","48","0"
"WA","ME","f","49","0"
"WA","ME","f","50","0"
"WA","ME","f","51","0"
"WA","ME","f","52","0"
"WA","ME","f","53","0"
"WA","ME","f","54","0"
"WA","ME","f","55","0"
"WA","ME","f","56","0"
"WA","ME","f","57","0"
"WA","ME","f","58","0"
"WA","ME","f","59","0"
"WA","ME","f","60","0"
"WA","ME","f","61","0"
"WA","ME","f","62","0"
"WA","ME","f","63","0"
"WA","ME","f","64","0"
"WA","ME","f","65","0"
"WA","ME","f","66","0"
"WA","ME","f","67","0"
"WA","ME","f","68","0"
"WA","ME","f","69","0"
"WA","ME","f","70","0.0000701272"
"WA","ME","f","71","0.0000701272"
"WA","ME","f","72","0.0000701272"
"WA","ME","f","73","0.0000701272"
"WA","ME","f","74","0.0000701272"
"WA","ME","f","75","0"
"WA","ME","f","76","0"
"WA","ME","f","77","0"
"WA","ME","f","78","0"
"WA","ME","f","79","0"
"WA","ME","f","80","0"
"WA","ME","f","81","0"
"WA","ME","f","82","0"
"WA","ME","f","83","0"
"WA","ME","f","84","0"
"WA","ME","f","85","0"
"WA","ME","f","86","0"
"WA","ME","f","87","0"
"WA","ME","f","88","0"
"WA","ME","f","89","0"
"WA","ME","f","90","0"
"WA","ME","f","91","0"
"WA","ME","f","92","0"
"WA","ME","f","93","0"
"WA","ME","f","94","0"
"WA","ME","f","95","0"
"WA","ME","f","96","0"
"WA","ME","f","97","0"
"WA","ME","f","98","0"
"WA","ME","f","99","0"
"WA","ME","f","100","0"
"WA","MI","m","0","0.00035858"
"WA","MI","m","1","0.00035858"
"WA","MI","m","2","0.00035858"
"WA","MI","m","3","0.00035858"
"WA","MI","m","4","0.00035858"
"WA","MI","m","5","0.0000526"
"WA","MI","m","6","0.0000526"
"WA","MI","m","7","0.0000526"
"WA","MI","m","8","0.0000526"
"WA","MI","m","9","0.0000526"
"WA","MI","m","10","0.0000376"
"WA","MI","m","11","0.0000376"
"WA","MI","m","12","0.0000376"
"WA","MI","m","13","0.0000376"
"WA","MI","m","14","0.0000376"
"WA","MI","m","15","0.000325793"
"WA","MI","m","16","0.000325793"
"WA","MI","m","17","0.000325793"
"WA","MI","m","18","0.000325793"
"WA","MI","m","19","0.000325793"
"WA","MI","m","20","0.000377282"
"WA","MI","m","21","0.000377282"
"WA","MI","m","22","0.000377282"
"WA","MI","m","23","0.000377282"
"WA","MI","m","24","0.000377282"
"WA","MI","m","25","0.000427323"
"WA","MI","m","26","0.000427323"
"WA","MI","m","27","0.000427323"
"WA","MI","m","28","0.000427323"
"WA","MI","m","29","0.000427323"
"WA","MI","m","30","0.000338427"
"WA","MI","m","31","0.000338427"
"WA","MI","m","32","0.000338427"
"WA","MI","m","33","0.000338427"
"WA","MI","m","34","0.000338427"
"WA","MI","m","35","0.000374733"
"WA","MI","m","36","0.000374733"
"WA","MI","m","37","0.000374733"
"WA","MI","m","38","0.000374733"
"WA","MI","m","39","0.000374733"
"WA","MI","m","40","0.000184586"
"WA","MI","m","41","0.000184586"
"WA","MI","m","42","0.000184586"
"WA","MI","m","43","0.000184586"
"WA","MI","m","44","0.000184586"
"WA","MI","m","45","0.0000877424"
"WA","MI","m","46","0.0000877424"
"WA","MI","m","47","0.0000877424"
"WA","MI","m","48","0.0000877424"
"WA","MI","m","49","0.0000877424"
"WA","MI","m","50","0.0000675679"
"WA","MI","m","51","0.0000675679"
"WA","MI","m","52","0.0000675679"
"WA","MI","m","53","0.0000675679"
"WA","MI","m","54","0.0000675679"
"WA","MI","m","55","0.000134253"
"WA","MI","m","56","0.000134253"
"WA","MI","m","57","0.000134253"
"WA","MI","m","58","0.000134253"
"WA","MI","m","59","0.000134253"
"WA","MI","m","60","0.0000953896"
"WA","MI","m","61","0.0000953896"
"WA","MI","m","62","0.0000953896"
"WA","MI","m","63","0.0000953896"
"WA","MI","m","64","0.0000953896"
"WA","MI","m","65","0.0000609"
"WA","MI","m","66","0.0000609"
"WA","MI","m","67","0.0000609"
"WA","MI","m","68","0.0000609"
"WA","MI","m","69","0.0000609"
"WA","MI","m","70","0.0000173"
"WA","MI","m","71","0.0000173"
"WA","MI","m","72","0.0000173"
"WA","MI","m","73","0.0000173"
"WA","MI","m","74","0.0000173"
"WA","MI","m","75","0"
"WA","MI","m","76","0"
"WA","MI","m","77","0"
"WA","MI","m","78","0"
"WA","MI","m","79","0"
"WA","MI","m","80","0"
"WA","MI","m","81","0"
"WA","MI","m","82","0"
"WA","MI","m","83","0"
"WA","MI","m","84","0"
"WA","MI","m","85","0"
"WA","MI","m","86","0"
"WA","MI","m","87","0"
"WA","MI","m","88","0"
"WA","MI","m","89","0"
"WA","MI","m","90","0"
"WA","MI","m","91","0"
"WA","MI","m","92","0"
"WA","MI","m","93","0"
"WA","MI","m","94","0"
"WA","MI","m","95","0"
"WA","MI","m","96","0"
"WA","MI","m","97","0"
"WA","MI","m","98","0"
"WA","MI","m","99","0"
"WA","MI","m","100","0"
"WA","MI","f","0","0.000122282"
"WA","MI","f","1","0.000122282"
"WA","MI","f","2","0.000122282"
"WA","MI","f","3","0.000122282"
"WA","MI","f","4","0.000122282"
"WA","MI","f","5","0.0000971784"
"WA","MI","f","6","0.0000971784"
"WA","MI","f","7","0.0000971784"
"WA","MI","f","8","0.0000971784"
"WA","MI","f","9","0.0000971784"
"WA","MI","f","10","0.000154571"
"WA","MI","f","11","0.000154571"
"WA","MI","f","12","0.000154571"
"WA","MI","f","13","0.000154571"
"WA","MI","f","14","0.000154571"
"WA","MI","f","15","0.000462573"
"WA","MI","f","16","0.000462573"
"WA","MI","f","17","0.000462573"
"WA","MI","f","18","0.000462573"
"WA","MI","f","19","0.000462573"
"WA","MI","f","20","0.000332116"
"WA","MI","f","21","0.000332116"
"WA","MI","f","22","0.000332116"
"WA","MI","f","23","0.000332116"
"WA","MI","f","24","0.000332116"
"WA","MI","f","25","0.000104143"
"WA","MI","f","26","0.000104143"
"WA","MI","f","27","0.000104143"
"WA","MI","f","28","0.000104143"
"WA","MI","f","29","0.000104143"
"WA","MI","f","30","0.000347197"
"WA","MI","f","31","0.000347197"
"WA","MI","f","32","0.000347197"
"WA","MI","f","33","0.000347197"
"WA","MI","f","34","0.000347197"
"WA","MI","f","35","0.00025264"
"WA","MI","f","36","0.00025264"
"WA","MI","f","37","0.00025264"
"WA","MI","f","38","0.00025264"
"WA","MI","f","39","0.00025264"
"WA","MI","f","40","0.000165448"
"WA","MI","f","41","0.000165448"
"WA","MI","f","42","0.000165448"
"WA","MI","f","43","0.000165448"
"WA","MI","f","44","0.000165448"
"WA","MI","f","45","0.000157902"
"WA","MI","f","46","0.000157902"
"WA","MI","f","47","0.000157902"
"WA","MI","f","48","0.000157902"
"WA","MI","f","49","0.000157902"
"WA","MI","f","50","0.000119466"
"WA","MI","f","51","0.000119466"
"WA","MI","f","52","0.000119466"
"WA","MI","f","53","0.000119466"
"WA","MI","f","54","0.000119466"
"WA","MI","f","55","0.000235966"
"WA","MI","f","56","0.000235966"
"WA","MI","f","57","0.000235966"
"WA","MI","f","58","0.000235966"
"WA","MI","f","59","0.000235966"
"WA","MI","f","60","0.000140888"
"WA","MI","f","61","0.000140888"
"WA","MI","f","62","0.000140888"
"WA","MI","f","63","0.000140888"
"WA","MI","f","64","0.000140888"
"WA","MI","f","65","0.000067602"
"WA","MI","f","66","0.000067602"
"WA","MI","f","67","0.000067602"
"WA","MI","f","68","0.000067602"
"WA","MI","f","69","0.000067602"
"WA","MI","f","70","0.000156192"
"WA","MI","f","71","0.000156192"
"WA","MI","f","72","0.000156192"
"WA","MI","f","73","0.000156192"
"WA","MI","f","74","0.000156192"
"WA","MI","f","75","0.0000906789"
"WA","MI","f","76","0.0000906789"
"WA","MI","f","77","0.0000906789"
"WA","MI","f","78","0.0000906789"
"WA","MI","f","79","0.0000906789"
"WA","MI","f","80","0.000160887"
"WA","MI","f","81","0.000160887"
"WA","MI","f","82","0.000160887"
"WA","MI","f","83","0.000160887"
"WA","MI","f","84","0.000160887"
"WA","MI","f","85","0.000152414"
"WA","MI","f","86","0.000152414"
"WA","MI","f","87","0.000152414"
"WA","MI","f","88","0.000152414"
"WA","MI","f","89","0.000152414"
"WA","MI","f","90","0.000111"
"WA","MI","f","91","0.000111"
"WA","MI","f","92","0.000111"
"WA","MI","f","93","0.000111"
"WA","MI","f","94","0.000111"
"WA","MI","f","95","0"
"WA","MI","f","96","0"
"WA","MI","f","97","0"
"WA","MI","f","98","0"
"WA","MI","f","99","0"
"WA","MI","f","100","0"
"WA","MN","m","0","0.000300067"
"WA","MN","m","1","0.000300067"
"WA","MN","m","2","0.000300067"
"WA","MN","m","3","0.000300067"
"WA","MN","m","4","0.000300067"
"WA","MN","m","5","0.000255359"
"WA","MN","m","6","0.000255359"
"WA","MN","m","7","0.000255359"
"WA","MN","m","8","0.000255359"
"WA","MN","m","9","0.000255359"
"WA","MN","m","10","0.000147229"
"WA","MN","m","11","0.000147229"
"WA","MN","m","12","0.000147229"
"WA","MN","m","13","0.000147229"
"WA","MN","m","14","0.000147229"
"WA","MN","m","15","0.000288478"
"WA","MN","m","16","0.000288478"
"WA","MN","m","17","0.000288478"
"WA","MN","m","18","0.000288478"
"WA","MN","m","19","0.000288478"
"WA","MN","m","20","0.000423591"
"WA","MN","m","21","0.000423591"
"WA","MN","m","22","0.000423591"
"WA","MN","m","23","0.000423591"
"WA","MN","m","24","0.000423591"
"WA","MN","m","25","0.000369358"
"WA","MN","m","26","0.000369358"
"WA","MN","m","27","0.000369358"
"WA","MN","m","28","0.000369358"
"WA","MN","m","29","0.000369358"
"WA","MN","m","30","0.000076786"
"WA","MN","m","31","0.000076786"
"WA","MN","m","32","0.000076786"
"WA","MN","m","33","0.000076786"
"WA","MN","m","34","0.000076786"
"WA","MN","m","35","0.0000824702"
"WA","MN","m","36","0.0000824702"
"WA","MN","m","37","0.0000824702"
"WA","MN","m","38","0.0000824702"
"WA","MN","m","39","0.0000824702"
"WA","MN","m","40","0.000128224"
"WA","MN","m","41","0.000128224"
"WA","MN","m","42","0.000128224"
"WA","MN","m","43","0.000128224"
"WA","MN","m","44","0.000128224"
"WA","MN","m","45","0.0000446"
"WA","MN","m","46","0.0000446"
"WA","MN","m","47","0.0000446"
"WA","MN","m","48","0.0000446"
"WA","MN","m","49","0.0000446"
"WA","MN","m","50","0.0000689469"
"WA","MN","m","51","0.0000689469"
"WA","MN","m","52","0.0000689469"
"WA","MN","m","53","0.0000689469"
"WA","MN","m","54","0.0000689469"
"WA","MN","m","55","0.0000453"
"WA","MN","m","56","0.0000453"
"WA","MN","m","57","0.0000453"
"WA","MN","m","58","0.0000453"
"WA","MN","m","59","0.0000453"
"WA","MN","m","60","0.00003"
"WA","MN","m","61","0.00003"
"WA","MN","m","62","0.00003"
"WA","MN","m","63","0.00003"
"WA","MN","m","64","0.00003"
"WA","MN","m","65","0.0000171"
"WA","MN","m","66","0.0000171"
"WA","MN","m","67","0.0000171"
"WA","MN","m","68","0.0000171"
"WA","MN","m","69","0.0000171"
"WA","MN","m","70","0.000272613"
"WA","MN","m","71","0.000272613"
"WA","MN","m","72","0.000272613"
"WA","MN","m","73","0.000272613"
"WA","MN","m","74","0.000272613"
"WA","MN","m","75","0.000115758"
"WA","MN","m","76","0.000115758"
"WA","MN","m","77","0.000115758"
"WA","MN","m","78","0.000115758"
"WA","MN","m","79","0.000115758"
"WA","MN","m","80","0.000181409"
"WA","MN","m","81","0.000181409"
"WA","MN","m","82","0.000181409"
"WA","MN","m","83","0.000181409"
"WA","MN","m","84","0.000181409"
"WA","MN","m","85","0.000346186"
"WA","MN","m","86","0.000346186"
"WA","MN","m","87","0.000346186"
"WA","MN","m","88","0.000346186"
"WA","MN","m","89","0.000346186"
"WA","MN","m","90","0.000342877"
"WA","MN","m","91","0.000342877"
"WA","MN","m","92","0.000342877"
"WA","MN","m","93","0.000342877"
"WA","MN","m","94","0.000342877"
"WA","MN","m","95","0"
"WA","MN","m","96","0"
"WA","MN","m","97","0"
"WA","MN","m","98","0"
"WA","MN","m","99","0"
"WA","MN","m","100","0"
"WA","MN","f","0","0.000116011"
"WA","MN","f","1","0.000116011"
"WA","MN","f","2","0.000116011"
"WA","MN","f","3","0.000116011"
"WA","MN","f","4","0.000116011"
"WA","MN","f","5","0.000458809"
"WA","MN","f","6","0.000458809"
"WA","MN","f","7","0.000458809"
"WA","MN","f","8","0.000458809"
"WA","MN","f","9","0.000458809"
"WA","MN","f","10","0.000142205"
"WA","MN","f","11","0.000142205"
"WA","MN","f","12","0.000142205"
"WA","MN","f","13","0.000142205"
"WA","MN","f","14","0.000142205"
"WA","MN","f","15","0.000539921"
"WA","MN","f","16","0.000539921"
"WA","MN","f","17","0.000539921"
"WA","MN","f","18","0.000539921"
"WA","MN","f","19","0.000539921"
"WA","MN","f","20","0.00063925"
"WA","MN","f","21","0.00063925"
"WA","MN","f","22","0.00063925"
"WA","MN","f","23","0.00063925"
"WA","MN","f","24","0.00063925"
"WA","MN","f","25","0.00042361"
"WA","MN","f","26","0.00042361"
"WA","MN","f","27","0.00042361"
"WA","MN","f","28","0.00042361"
"WA","MN","f","29","0.00042361"
"WA","MN","f","30","0.000208318"
"WA","MN","f","31","0.000208318"
"WA","MN","f","32","0.000208318"
"WA","MN","f","33","0.000208318"
"WA","MN","f","34","0.000208318"
"WA","MN","f","35","0.000316169"
"WA","MN","f","36","0.000316169"
"WA","MN","f","37","0.000316169"
"WA","MN","f","38","0.000316169"
"WA","MN","f","39","0.000316169"
"WA","MN","f","40","0.0000392"
"WA","MN","f","41","0.0000392"
"WA","MN","f","42","0.0000392"
"WA","MN","f","43","0.0000392"
"WA","MN","f","44","0.0000392"
"WA","MN","f","45","0.000103405"
"WA","MN","f","46","0.000103405"
"WA","MN","f","47","0.000103405"
"WA","MN","f","48","0.000103405"
"WA","MN","f","49","0.000103405"
"WA","MN","f","50","0.0000665"
"WA","MN","f","51","0.0000665"
"WA","MN","f","52","0.0000665"
"WA","MN","f","53","0.0000665"
"WA","MN","f","54","0.0000665"
"WA","MN","f","55","0"
"WA","MN","f","56","0"
"WA","MN","f","57","0"
"WA","MN","f","58","0"
"WA","MN","f","59","0"
"WA","MN","f","60","0.0000369"
"WA","MN","f","61","0.0000369"
"WA","MN","f","62","0.0000369"
"WA","MN","f","63","0.0000369"
"WA","MN","f","64","0.0000369"
"WA","MN","f","65","0.000252381"
"WA","MN","f","66","0.000252381"
"WA","MN","f","67","0.000252381"
"WA","MN","f","68","0.000252381"
"WA","MN","f","69","0.000252381"
"WA","MN","f","70","0.0000669396"
"WA","MN","f","71","0.0000669396"
"WA","MN","f","72","0.0000669396"
"WA","MN","f","73","0.0000669396"
"WA","MN","f","74","0.0000669396"
"WA","MN","f","75","0"
"WA","MN","f","76","0"
"WA","MN","f","77","0"
"WA","MN","f","78","0"
"WA","MN","f","79","0"
"WA","MN","f","80","0.00024133"
"WA","MN","f","81","0.00024133"
"WA","MN","f","82","0.00024133"
"WA","MN","f","83","0.00024133"
"WA","MN","f","84","0.00024133"
"WA","MN","f","85","0"
"WA","MN","f","86","0"
"WA","MN","f","87","0"
"WA","MN","f","88","0"
"WA","MN","f","89","0"
"WA","MN","f","90","0"
"WA","MN","f","91","0"
"WA","MN","f","92","0"
"WA","MN","f","93","0"
"WA","MN","f","94","0"
"WA","MN","f","95","0"
"WA","MN","f","96","0"
"WA","MN","f","97","0"
"WA","MN","f","98","0"
"WA","MN","f","99","0"
"WA","MN","f","100","0"
"WA","MO","m","0","0.0000435"
"WA","MO","m","1","0.0000435"
"WA","MO","m","2","0.0000435"
"WA","MO","m","3","0.0000435"
"WA","MO","m","4","0.0000435"
"WA","MO","m","5","0.000306431"
"WA","MO","m","6","0.000306431"
"WA","MO","m","7","0.000306431"
"WA","MO","m","8","0.000306431"
"WA","MO","m","9","0.000306431"
"WA","MO","m","10","0.0000751171"
"WA","MO","m","11","0.0000751171"
"WA","MO","m","12","0.0000751171"
"WA","MO","m","13","0.0000751171"
"WA","MO","m","14","0.0000751171"
"WA","MO","m","15","0.000386072"
"WA","MO","m","16","0.000386072"
"WA","MO","m","17","0.000386072"
"WA","MO","m","18","0.000386072"
"WA","MO","m","19","0.000386072"
"WA","MO","m","20","0.000567966"
"WA","MO","m","21","0.000567966"
"WA","MO","m","22","0.000567966"
"WA","MO","m","23","0.000567966"
"WA","MO","m","24","0.000567966"
"WA","MO","m","25","0.000229164"
"WA","MO","m","26","0.000229164"
"WA","MO","m","27","0.000229164"
"WA","MO","m","28","0.000229164"
"WA","MO","m","29","0.000229164"
"WA","MO","m","30","0.000223248"
"WA","MO","m","31","0.000223248"
"WA","MO","m","32","0.000223248"
"WA","MO","m","33","0.000223248"
"WA","MO","m","34","0.000223248"
"WA","MO","m","35","0.000177962"
"WA","MO","m","36","0.000177962"
"WA","MO","m","37","0.000177962"
"WA","MO","m","38","0.000177962"
"WA","MO","m","39","0.000177962"
"WA","MO","m","40","0.00000705"
"WA","MO","m","41","0.00000705"
"WA","MO","m","42","0.00000705"
"WA","MO","m","43","0.00000705"
"WA","MO","m","44","0.00000705"
"WA","MO","m","45","0.000456818"
"WA","MO","m","46","0.000456818"
"WA","MO","m","47","0.000456818"
"WA","MO","m","48","0.000456818"
"WA","MO","m","49","0.000456818"
"WA","MO","m","50","0.0000469"
"WA","MO","m","51","0.0000469"
"WA","MO","m","52","0.0000469"
"WA","MO","m","53","0.0000469"
"WA","MO","m","54","0.0000469"
"WA","MO","m","55","0.000288116"
"WA","MO","m","56","0.000288116"
"WA","MO","m","57","0.000288116"
"WA","MO","m","58","0.000288116"
"WA","MO","m","59","0.000288116"
"WA","MO","m","60","0"
"WA","MO","m","61","0"
"WA","MO","m","62","0"
"WA","MO","m","63","0"
"WA","MO","m","64","0"
"WA","MO","m","65","0.0000609"
"WA","MO","m","66","0.0000609"
"WA","MO","m","67","0.0000609"
"WA","MO","m","68","0.0000609"
"WA","MO","m","69","0.0000609"
"WA","MO","m","70","0.0000104"
"WA","MO","m","71","0.0000104"
"WA","MO","m","72","0.0000104"
"WA","MO","m","73","0.0000104"
"WA","MO","m","74","0.0000104"
"WA","MO","m","75","0"
"WA","MO","m","76","0"
"WA","MO","m","77","0"
"WA","MO","m","78","0"
"WA","MO","m","79","0"
"WA","MO","m","80","0.0000209"
"WA","MO","m","81","0.0000209"
"WA","MO","m","82","0.0000209"
"WA","MO","m","83","0.0000209"
"WA","MO","m","84","0.0000209"
"WA","MO","m","85","0.000210184"
"WA","MO","m","86","0.000210184"
"WA","MO","m","87","0.000210184"
"WA","MO","m","88","0.000210184"
"WA","MO","m","89","0.000210184"
"WA","MO","m","90","0"
"WA","MO","m","91","0"
"WA","MO","m","92","0"
"WA","MO","m","93","0"
"WA","MO","m","94","0"
"WA","MO","m","95","0"
"WA","MO","m","96","0"
"WA","MO","m","97","0"
"WA","MO","m","98","0"
"WA","MO","m","99","0"
"WA","MO","m","100","0"
"WA","MO","f","0","0.000487561"
"WA","MO","f","1","0.000487561"
"WA","MO","f","2","0.000487561"
"WA","MO","f","3","0.000487561"
"WA","MO","f","4","0.000487561"
"WA","MO","f","5","0.000121075"
"WA","MO","f","6","0.000121075"
"WA","MO","f","7","0.000121075"
"WA","MO","f","8","0.000121075"
"WA","MO","f","9","0.000121075"
"WA","MO","f","10","0.00011902"
"WA","MO","f","11","0.00011902"
"WA","MO","f","12","0.00011902"
"WA","MO","f","13","0.00011902"
"WA","MO","f","14","0.00011902"
"WA","MO","f","15","0.000295744"
"WA","MO","f","16","0.000295744"
"WA","MO","f","17","0.000295744"
"WA","MO","f","18","0.000295744"
"WA","MO","f","19","0.000295744"
"WA","MO","f","20","0.00031889"
"WA","MO","f","21","0.00031889"
"WA","MO","f","22","0.00031889"
"WA","MO","f","23","0.00031889"
"WA","MO","f","24","0.00031889"
"WA","MO","f","25","0.000454572"
"WA","MO","f","26","0.000454572"
"WA","MO","f","27","0.000454572"
"WA","MO","f","28","0.000454572"
"WA","MO","f","29","0.000454572"
"WA","MO","f","30","0.00022457"
"WA","MO","f","31","0.00022457"
"WA","MO","f","32","0.00022457"
"WA","MO","f","33","0.00022457"
"WA","MO","f","34","0.00022457"
"WA","MO","f","35","0.000231956"
"WA","MO","f","36","0.000231956"
"WA","MO","f","37","0.000231956"
"WA","MO","f","38","0.000231956"
"WA","MO","f","39","0.000231956"
"WA","MO","f","40","0.0000537"
"WA","MO","f","41","0.0000537"
"WA","MO","f","42","0.0000537"
"WA","MO","f","43","0.0000537"
"WA","MO","f","44","0.0000537"
"WA","MO","f","45","0"
"WA","MO","f","46","0"
"WA","MO","f","47","0"
"WA","MO","f","48","0"
"WA","MO","f","49","0"
"WA","MO","f","50","0.000199562"
"WA","MO","f","51","0.000199562"
"WA","MO","f","52","0.000199562"
"WA","MO","f","53","0.000199562"
"WA","MO","f","54","0.000199562"
"WA","MO","f","55","0.000369149"
"WA","MO","f","56","0.000369149"
"WA","MO","f","57","0.000369149"
"WA","MO","f","58","0.000369149"
"WA","MO","f","59","0.000369149"
"WA","MO","f","60","0.000150952"
"WA","MO","f","61","0.000150952"
"WA","MO","f","62","0.000150952"
"WA","MO","f","63","0.000150952"
"WA","MO","f","64","0.000150952"
"WA","MO","f","65","0.00000901"
"WA","MO","f","66","0.00000901"
"WA","MO","f","67","0.00000901"
"WA","MO","f","68","0.00000901"
"WA","MO","f","69","0.00000901"
"WA","MO","f","70","0.0000924404"
"WA","MO","f","71","0.0000924404"
"WA","MO","f","72","0.0000924404"
"WA","MO","f","73","0.0000924404"
"WA","MO","f","74","0.0000924404"
"WA","MO","f","75","0.0000989224"
"WA","MO","f","76","0.0000989224"
"WA","MO","f","77","0.0000989224"
"WA","MO","f","78","0.0000989224"
"WA","MO","f","79","0.0000989224"
"WA","MO","f","80","0"
"WA","MO","f","81","0"
"WA","MO","f","82","0"
"WA","MO","f","83","0"
"WA","MO","f","84","0"
"WA","MO","f","85","0"
"WA","MO","f","86","0"
"WA","MO","f","87","0"
"WA","MO","f","88","0"
"WA","MO","f","89","0"
"WA","MO","f","90","0"
"WA","MO","f","91","0"
"WA","MO","f","92","0"
"WA","MO","f","93","0"
"WA","MO","f","94","0"
"WA","MO","f","95","0"
"WA","MO","f","96","0"
"WA","MO","f","97","0"
"WA","MO","f","98","0"
"WA","MO","f","99","0"
"WA","MO","f","100","0"
"WA","MS","m","0","0.000015"
"WA","MS","m","1","0.000015"
"WA","MS","m","2","0.000015"
"WA","MS","m","3","0.000015"
"WA","MS","m","4","0.000015"
"WA","MS","m","5","0"
"WA","MS","m","6","0"
"WA","MS","m","7","0"
"WA","MS","m","8","0"
"WA","MS","m","9","0"
"WA","MS","m","10","0.000106666"
"WA","MS","m","11","0.000106666"
"WA","MS","m","12","0.000106666"
"WA","MS","m","13","0.000106666"
"WA","MS","m","14","0.000106666"
"WA","MS","m","15","0.0000760663"
"WA","MS","m","16","0.0000760663"
"WA","MS","m","17","0.0000760663"
"WA","MS","m","18","0.0000760663"
"WA","MS","m","19","0.0000760663"
"WA","MS","m","20","0.000299646"
"WA","MS","m","21","0.000299646"
"WA","MS","m","22","0.000299646"
"WA","MS","m","23","0.000299646"
"WA","MS","m","24","0.000299646"
"WA","MS","m","25","0.0000324"
"WA","MS","m","26","0.0000324"
"WA","MS","m","27","0.0000324"
"WA","MS","m","28","0.0000324"
"WA","MS","m","29","0.0000324"
"WA","MS","m","30","0.0000185"
"WA","MS","m","31","0.0000185"
"WA","MS","m","32","0.0000185"
"WA","MS","m","33","0.0000185"
"WA","MS","m","34","0.0000185"
"WA","MS","m","35","0"
"WA","MS","m","36","0"
"WA","MS","m","37","0"
"WA","MS","m","38","0"
"WA","MS","m","39","0"
"WA","MS","m","40","0.000101452"
"WA","MS","m","41","0.000101452"
"WA","MS","m","42","0.000101452"
"WA","MS","m","43","0.000101452"
"WA","MS","m","44","0.000101452"
"WA","MS","m","45","0"
"WA","MS","m","46","0"
"WA","MS","m","47","0"
"WA","MS","m","48","0"
"WA","MS","m","49","0"
"WA","MS","m","50","0.0000441"
"WA","MS","m","51","0.0000441"
"WA","MS","m","52","0.0000441"
"WA","MS","m","53","0.0000441"
"WA","MS","m","54","0.0000441"
"WA","MS","m","55","0.0000377"
"WA","MS","m","56","0.0000377"
"WA","MS","m","57","0.0000377"
"WA","MS","m","58","0.0000377"
"WA","MS","m","59","0.0000377"
"WA","MS","m","60","0"
"WA","MS","m","61","0"
"WA","MS","m","62","0"
"WA","MS","m","63","0"
"WA","MS","m","64","0"
"WA","MS","m","65","0.0000512"
"WA","MS","m","66","0.0000512"
"WA","MS","m","67","0.0000512"
"WA","MS","m","68","0.0000512"
"WA","MS","m","69","0.0000512"
"WA","MS","m","70","0"
"WA","MS","m","71","0"
"WA","MS","m","72","0"
"WA","MS","m","73","0"
"WA","MS","m","74","0"
"WA","MS","m","75","0"
"WA","MS","m","76","0"
"WA","MS","m","77","0"
"WA","MS","m","78","0"
"WA","MS","m","79","0"
"WA","MS","m","80","0"
"WA","MS","m","81","0"
"WA","MS","m","82","0"
"WA","MS","m","83","0"
"WA","MS","m","84","0"
"WA","MS","m","85","0"
"WA","MS","m","86","0"
"WA","MS","m","87","0"
"WA","MS","m","88","0"
"WA","MS","m","89","0"
"WA","MS","m","90","0"
"WA","MS","m","91","0"
"WA","MS","m","92","0"
"WA","MS","m","93","0"
"WA","MS","m","94","0"
"WA","MS","m","95","0"
"WA","MS","m","96","0"
"WA","MS","m","97","0"
"WA","MS","m","98","0"
"WA","MS","m","99","0"
"WA","MS","m","100","0"
"WA","MS","f","0","0"
"WA","MS","f","1","0"
"WA","MS","f","2","0"
"WA","MS","f","3","0"
"WA","MS","f","4","0"
"WA","MS","f","5","0"
"WA","MS","f","6","0"
"WA","MS","f","7","0"
"WA","MS","f","8","0"
"WA","MS","f","9","0"
"WA","MS","f","10","0.000210216"
"WA","MS","f","11","0.000210216"
"WA","MS","f","12","0.000210216"
"WA","MS","f","13","0.000210216"
"WA","MS","f","14","0.000210216"
"WA","MS","f","15","0.000107681"
"WA","MS","f","16","0.000107681"
"WA","MS","f","17","0.000107681"
"WA","MS","f","18","0.000107681"
"WA","MS","f","19","0.000107681"
"WA","MS","f","20","0.0000675988"
"WA","MS","f","21","0.0000675988"
"WA","MS","f","22","0.0000675988"
"WA","MS","f","23","0.0000675988"
"WA","MS","f","24","0.0000675988"
"WA","MS","f","25","0.0000211"
"WA","MS","f","26","0.0000211"
"WA","MS","f","27","0.0000211"
"WA","MS","f","28","0.0000211"
"WA","MS","f","29","0.0000211"
"WA","MS","f","30","0.0000561"
"WA","MS","f","31","0.0000561"
"WA","MS","f","32","0.0000561"
"WA","MS","f","33","0.0000561"
"WA","MS","f","34","0.0000561"
"WA","MS","f","35","0.0000842132"
"WA","MS","f","36","0.0000842132"
"WA","MS","f","37","0.0000842132"
"WA","MS","f","38","0.0000842132"
"WA","MS","f","39","0.0000842132"
"WA","MS","f","40","0.0000537"
"WA","MS","f","41","0.0000537"
"WA","MS","f","42","0.0000537"
"WA","MS","f","43","0.0000537"
"WA","MS","f","44","0.0000537"
"WA","MS","f","45","0.0000503"
"WA","MS","f","46","0.0000503"
"WA","MS","f","47","0.0000503"
"WA","MS","f","48","0.0000503"
"WA","MS","f","49","0.0000503"
"WA","MS","f","50","0.0000258"
"WA","MS","f","51","0.0000258"
"WA","MS","f","52","0.0000258"
"WA","MS","f","53","0.0000258"
"WA","MS","f","54","0.0000258"
"WA","MS","f","55","0"
"WA","MS","f","56","0"
"WA","MS","f","57","0"
"WA","MS","f","58","0"
"WA","MS","f","59","0"
"WA","MS","f","60","0.0000905712"
"WA","MS","f","61","0.0000905712"
"WA","MS","f","62","0.0000905712"
"WA","MS","f","63","0.0000905712"
"WA","MS","f","64","0.0000905712"
"WA","MS","f","65","0.00021182"
"WA","MS","f","66","0.00021182"
"WA","MS","f","67","0.00021182"
"WA","MS","f","68","0.00021182"
"WA","MS","f","69","0.00021182"
"WA","MS","f","70","0"
"WA","MS","f","71","0"
"WA","MS","f","72","0"
"WA","MS","f","73","0"
"WA","MS","f","74","0"
"WA","MS","f","75","0"
"WA","MS","f","76","0"
"WA","MS","f","77","0"
"WA","MS","f","78","0"
"WA","MS","f","79","0"
"WA","MS","f","80","0.0000955266"
"WA","MS","f","81","0.0000955266"
"WA","MS","f","82","0.0000955266"
"WA","MS","f","83","0.0000955266"
"WA","MS","f","84","0.0000955266"
"WA","MS","f","85","0"
"WA","MS","f","86","0"
"WA","MS","f","87","0"
"WA","MS","f","88","0"
"WA","MS","f","89","0"
"WA","MS","f","90","0"
"WA","MS","f","91","0"
"WA","MS","f","92","0"
"WA","MS","f","93","0"
"WA","MS","f","94","0"
"WA","MS","f","95","0"
"WA","MS","f","96","0"
"WA","MS","f","97","0"
"WA","MS","f","98","0"
"WA","MS","f","99","0"
"WA","MS","f","100","0"
"WA","MT","m","0","0.000258057"
"WA","MT","m","1","0.000258057"
"WA","MT","m","2","0.000258057"
"WA","MT","m","3","0.000258057"
"WA","MT","m","4","0.000258057"
"WA","MT","m","5","0.000316946"
"WA","MT","m","6","0.000316946"
"WA","MT","m","7","0.000316946"
"WA","MT","m","8","0.000316946"
"WA","MT","m","9","0.000316946"
"WA","MT","m","10","0.000123192"
"WA","MT","m","11","0.000123192"
"WA","MT","m","12","0.000123192"
"WA","MT","m","13","0.000123192"
"WA","MT","m","14","0.000123192"
"WA","MT","m","15","0.001070669"
"WA","MT","m","16","0.001070669"
"WA","MT","m","17","0.001070669"
"WA","MT","m","18","0.001070669"
"WA","MT","m","19","0.001070669"
"WA","MT","m","20","0.001009263"
"WA","MT","m","21","0.001009263"
"WA","MT","m","22","0.001009263"
"WA","MT","m","23","0.001009263"
"WA","MT","m","24","0.001009263"
"WA","MT","m","25","0.000520336"
"WA","MT","m","26","0.000520336"
"WA","MT","m","27","0.000520336"
"WA","MT","m","28","0.000520336"
"WA","MT","m","29","0.000520336"
"WA","MT","m","30","0.000281549"
"WA","MT","m","31","0.000281549"
"WA","MT","m","32","0.000281549"
"WA","MT","m","33","0.000281549"
"WA","MT","m","34","0.000281549"
"WA","MT","m","35","0.000198218"
"WA","MT","m","36","0.000198218"
"WA","MT","m","37","0.000198218"
"WA","MT","m","38","0.000198218"
"WA","MT","m","39","0.000198218"
"WA","MT","m","40","0.000336764"
"WA","MT","m","41","0.000336764"
"WA","MT","m","42","0.000336764"
"WA","MT","m","43","0.000336764"
"WA","MT","m","44","0.000336764"
"WA","MT","m","45","0.000384395"
"WA","MT","m","46","0.000384395"
"WA","MT","m","47","0.000384395"
"WA","MT","m","48","0.000384395"
"WA","MT","m","49","0.000384395"
"WA","MT","m","50","0.000383345"
"WA","MT","m","51","0.000383345"
"WA","MT","m","52","0.000383345"
"WA","MT","m","53","0.000383345"
"WA","MT","m","54","0.000383345"
"WA","MT","m","55","0.000437454"
"WA","MT","m","56","0.000437454"
"WA","MT","m","57","0.000437454"
"WA","MT","m","58","0.000437454"
"WA","MT","m","59","0.000437454"
"WA","MT","m","60","0.000484014"
"WA","MT","m","61","0.000484014"
"WA","MT","m","62","0.000484014"
"WA","MT","m","63","0.000484014"
"WA","MT","m","64","0.000484014"
"WA","MT","m","65","0.000151128"
"WA","MT","m","66","0.000151128"
"WA","MT","m","67","0.000151128"
"WA","MT","m","68","0.000151128"
"WA","MT","m","69","0.000151128"
"WA","MT","m","70","0.000220851"
"WA","MT","m","71","0.000220851"
"WA","MT","m","72","0.000220851"
"WA","MT","m","73","0.000220851"
"WA","MT","m","74","0.000220851"
"WA","MT","m","75","0"
"WA","MT","m","76","0"
"WA","MT","m","77","0"
"WA","MT","m","78","0"
"WA","MT","m","79","0"
"WA","MT","m","80","0"
"WA","MT","m","81","0"
"WA","MT","m","82","0"
"WA","MT","m","83","0"
"WA","MT","m","84","0"
"WA","MT","m","85","0.000210184"
"WA","MT","m","86","0.000210184"
"WA","MT","m","87","0.000210184"
"WA","MT","m","88","0.000210184"
"WA","MT","m","89","0.000210184"
"WA","MT","m","90","0.001292381"
"WA","MT","m","91","0.001292381"
"WA","MT","m","92","0.001292381"
"WA","MT","m","93","0.001292381"
"WA","MT","m","94","0.001292381"
"WA","MT","m","95","0"
"WA","MT","m","96","0"
"WA","MT","m","97","0"
"WA","MT","m","98","0"
"WA","MT","m","99","0"
"WA","MT","m","100","0"
"WA","MT","f","0","0.000188126"
"WA","MT","f","1","0.000188126"
"WA","MT","f","2","0.000188126"
"WA","MT","f","3","0.000188126"
"WA","MT","f","4","0.000188126"
"WA","MT","f","5","0.000285163"
"WA","MT","f","6","0.000285163"
"WA","MT","f","7","0.000285163"
"WA","MT","f","8","0.000285163"
"WA","MT","f","9","0.000285163"
"WA","MT","f","10","0.000372516"
"WA","MT","f","11","0.000372516"
"WA","MT","f","12","0.000372516"
"WA","MT","f","13","0.000372516"
"WA","MT","f","14","0.000372516"
"WA","MT","f","15","0.001812377"
"WA","MT","f","16","0.001812377"
"WA","MT","f","17","0.001812377"
"WA","MT","f","18","0.001812377"
"WA","MT","f","19","0.001812377"
"WA","MT","f","20","0.001350507"
"WA","MT","f","21","0.001350507"
"WA","MT","f","22","0.001350507"
"WA","MT","f","23","0.001350507"
"WA","MT","f","24","0.001350507"
"WA","MT","f","25","0.000499607"
"WA","MT","f","26","0.000499607"
"WA","MT","f","27","0.000499607"
"WA","MT","f","28","0.000499607"
"WA","MT","f","29","0.000499607"
"WA","MT","f","30","0.000585064"
"WA","MT","f","31","0.000585064"
"WA","MT","f","32","0.000585064"
"WA","MT","f","33","0.000585064"
"WA","MT","f","34","0.000585064"
"WA","MT","f","35","0.00034424"
"WA","MT","f","36","0.00034424"
"WA","MT","f","37","0.00034424"
"WA","MT","f","38","0.00034424"
"WA","MT","f","39","0.00034424"
"WA","MT","f","40","0.0000914319"
"WA","MT","f","41","0.0000914319"
"WA","MT","f","42","0.0000914319"
"WA","MT","f","43","0.0000914319"
"WA","MT","f","44","0.0000914319"
"WA","MT","f","45","0.000164889"
"WA","MT","f","46","0.000164889"
"WA","MT","f","47","0.000164889"
"WA","MT","f","48","0.000164889"
"WA","MT","f","49","0.000164889"
"WA","MT","f","50","0.000207707"
"WA","MT","f","51","0.000207707"
"WA","MT","f","52","0.000207707"
"WA","MT","f","53","0.000207707"
"WA","MT","f","54","0.000207707"
"WA","MT","f","55","0.000341643"
"WA","MT","f","56","0.000341643"
"WA","MT","f","57","0.000341643"
"WA","MT","f","58","0.000341643"
"WA","MT","f","59","0.000341643"
"WA","MT","f","60","0.000127471"
"WA","MT","f","61","0.000127471"
"WA","MT","f","62","0.000127471"
"WA","MT","f","63","0.000127471"
"WA","MT","f","64","0.000127471"
"WA","MT","f","65","0.00033125"
"WA","MT","f","66","0.00033125"
"WA","MT","f","67","0.00033125"
"WA","MT","f","68","0.00033125"
"WA","MT","f","69","0.00033125"
"WA","MT","f","70","0"
"WA","MT","f","71","0"
"WA","MT","f","72","0"
"WA","MT","f","73","0"
"WA","MT","f","74","0"
"WA","MT","f","75","0.0000906789"
"WA","MT","f","76","0.0000906789"
"WA","MT","f","77","0.0000906789"
"WA","MT","f","78","0.0000906789"
"WA","MT","f","79","0.0000906789"
"WA","MT","f","80","0.000276524"
"WA","MT","f","81","0.000276524"
"WA","MT","f","82","0.000276524"
"WA","MT","f","83","0.000276524"
"WA","MT","f","84","0.000276524"
"WA","MT","f","85","0.000123383"
"WA","MT","f","86","0.000123383"
"WA","MT","f","87","0.000123383"
"WA","MT","f","88","0.000123383"
"WA","MT","f","89","0.000123383"
"WA","MT","f","90","0"
"WA","MT","f","91","0"
"WA","MT","f","92","0"
"WA","MT","f","93","0"
"WA","MT","f","94","0"
"WA","MT","f","95","0"
"WA","MT","f","96","0"
"WA","MT","f","97","0"
"WA","MT","f","98","0"
"WA","MT","f","99","0"
"WA","MT","f","100","0"
"WA","NC","m","0","0.000487609"
"WA","NC","m","1","0.000487609"
"WA","NC","m","2","0.000487609"
"WA","NC","m","3","0.000487609"
"WA","NC","m","4","0.000487609"
"WA","NC","m","5","0.000422093"
"WA","NC","m","6","0.000422093"
"WA","NC","m","7","0.000422093"
"WA","NC","m","8","0.000422093"
"WA","NC","m","9","0.000422093"
"WA","NC","m","10","0.000437181"
"WA","NC","m","11","0.000437181"
"WA","NC","m","12","0.000437181"
"WA","NC","m","13","0.000437181"
"WA","NC","m","14","0.000437181"
"WA","NC","m","15","0.00057265"
"WA","NC","m","16","0.00057265"
"WA","NC","m","17","0.00057265"
"WA","NC","m","18","0.00057265"
"WA","NC","m","19","0.00057265"
"WA","NC","m","20","0.000528467"
"WA","NC","m","21","0.000528467"
"WA","NC","m","22","0.000528467"
"WA","NC","m","23","0.000528467"
"WA","NC","m","24","0.000528467"
"WA","NC","m","25","0.000672663"
"WA","NC","m","26","0.000672663"
"WA","NC","m","27","0.000672663"
"WA","NC","m","28","0.000672663"
"WA","NC","m","29","0.000672663"
"WA","NC","m","30","0.00060149"
"WA","NC","m","31","0.00060149"
"WA","NC","m","32","0.00060149"
"WA","NC","m","33","0.00060149"
"WA","NC","m","34","0.00060149"
"WA","NC","m","35","0.000409457"
"WA","NC","m","36","0.000409457"
"WA","NC","m","37","0.000409457"
"WA","NC","m","38","0.000409457"
"WA","NC","m","39","0.000409457"
"WA","NC","m","40","0.000408626"
"WA","NC","m","41","0.000408626"
"WA","NC","m","42","0.000408626"
"WA","NC","m","43","0.000408626"
"WA","NC","m","44","0.000408626"
"WA","NC","m","45","0.000204732"
"WA","NC","m","46","0.000204732"
"WA","NC","m","47","0.000204732"
"WA","NC","m","48","0.000204732"
"WA","NC","m","49","0.000204732"
"WA","NC","m","50","0.000204083"
"WA","NC","m","51","0.000204083"
"WA","NC","m","52","0.000204083"
"WA","NC","m","53","0.000204083"
"WA","NC","m","54","0.000204083"
"WA","NC","m","55","0.000165931"
"WA","NC","m","56","0.000165931"
"WA","NC","m","57","0.000165931"
"WA","NC","m","58","0.000165931"
"WA","NC","m","59","0.000165931"
"WA","NC","m","60","0.000178414"
"WA","NC","m","61","0.000178414"
"WA","NC","m","62","0.000178414"
"WA","NC","m","63","0.000178414"
"WA","NC","m","64","0.000178414"
"WA","NC","m","65","0.000104815"
"WA","NC","m","66","0.000104815"
"WA","NC","m","67","0.000104815"
"WA","NC","m","68","0.000104815"
"WA","NC","m","69","0.000104815"
"WA","NC","m","70","0.0000621"
"WA","NC","m","71","0.0000621"
"WA","NC","m","72","0.0000621"
"WA","NC","m","73","0.0000621"
"WA","NC","m","74","0.0000621"
"WA","NC","m","75","0.0000352"
"WA","NC","m","76","0.0000352"
"WA","NC","m","77","0.0000352"
"WA","NC","m","78","0.0000352"
"WA","NC","m","79","0.0000352"
"WA","NC","m","80","0"
"WA","NC","m","81","0"
"WA","NC","m","82","0"
"WA","NC","m","83","0"
"WA","NC","m","84","0"
"WA","NC","m","85","0"
"WA","NC","m","86","0"
"WA","NC","m","87","0"
"WA","NC","m","88","0"
"WA","NC","m","89","0"
"WA","NC","m","90","0"
"WA","NC","m","91","0"
"WA","NC","m","92","0"
"WA","NC","m","93","0"
"WA","NC","m","94","0"
"WA","NC","m","95","0"
"WA","NC","m","96","0"
"WA","NC","m","97","0"
"WA","NC","m","98","0"
"WA","NC","m","99","0"
"WA","NC","m","100","0"
"WA","NC","f","0","0.000186559"
"WA","NC","f","1","0.000186559"
"WA","NC","f","2","0.000186559"
"WA","NC","f","3","0.000186559"
"WA","NC","f","4","0.000186559"
"WA","NC","f","5","0.000446065"
"WA","NC","f","6","0.000446065"
"WA","NC","f","7","0.000446065"
"WA","NC","f","8","0.000446065"
"WA","NC","f","9","0.000446065"
"WA","NC","f","10","0.00026277"
"WA","NC","f","11","0.00026277"
"WA","NC","f","12","0.00026277"
"WA","NC","f","13","0.00026277"
"WA","NC","f","14","0.00026277"
"WA","NC","f","15","0.000363992"
"WA","NC","f","16","0.000363992"
"WA","NC","f","17","0.000363992"
"WA","NC","f","18","0.000363992"
"WA","NC","f","19","0.000363992"
"WA","NC","f","20","0.000570181"
"WA","NC","f","21","0.000570181"
"WA","NC","f","22","0.000570181"
"WA","NC","f","23","0.000570181"
"WA","NC","f","24","0.000570181"
"WA","NC","f","25","0.000558715"
"WA","NC","f","26","0.000558715"
"WA","NC","f","27","0.000558715"
"WA","NC","f","28","0.000558715"
"WA","NC","f","29","0.000558715"
"WA","NC","f","30","0.000527444"
"WA","NC","f","31","0.000527444"
"WA","NC","f","32","0.000527444"
"WA","NC","f","33","0.000527444"
"WA","NC","f","34","0.000527444"
"WA","NC","f","35","0.000626428"
"WA","NC","f","36","0.000626428"
"WA","NC","f","37","0.000626428"
"WA","NC","f","38","0.000626428"
"WA","NC","f","39","0.000626428"
"WA","NC","f","40","0.000403461"
"WA","NC","f","41","0.000403461"
"WA","NC","f","42","0.000403461"
"WA","NC","f","43","0.000403461"
"WA","NC","f","44","0.000403461"
"WA","NC","f","45","0.0000698682"
"WA","NC","f","46","0.0000698682"
"WA","NC","f","47","0.0000698682"
"WA","NC","f","48","0.0000698682"
"WA","NC","f","49","0.0000698682"
"WA","NC","f","50","0.000139829"
"WA","NC","f","51","0.000139829"
"WA","NC","f","52","0.000139829"
"WA","NC","f","53","0.000139829"
"WA","NC","f","54","0.000139829"
"WA","NC","f","55","0.000192536"
"WA","NC","f","56","0.000192536"
"WA","NC","f","57","0.000192536"
"WA","NC","f","58","0.000192536"
"WA","NC","f","59","0.000192536"
"WA","NC","f","60","0.000340481"
"WA","NC","f","61","0.000340481"
"WA","NC","f","62","0.000340481"
"WA","NC","f","63","0.000340481"
"WA","NC","f","64","0.000340481"
"WA","NC","f","65","0.00012619"
"WA","NC","f","66","0.00012619"
"WA","NC","f","67","0.00012619"
"WA","NC","f","68","0.00012619"
"WA","NC","f","69","0.00012619"
"WA","NC","f","70","0.000108378"
"WA","NC","f","71","0.000108378"
"WA","NC","f","72","0.000108378"
"WA","NC","f","73","0.000108378"
"WA","NC","f","74","0.000108378"
"WA","NC","f","75","0.0000783136"
"WA","NC","f","76","0.0000783136"
"WA","NC","f","77","0.0000783136"
"WA","NC","f","78","0.0000783136"
"WA","NC","f","79","0.0000783136"
"WA","NC","f","80","0"
"WA","NC","f","81","0"
"WA","NC","f","82","0"
"WA","NC","f","83","0"
"WA","NC","f","84","0"
"WA","NC","f","85","0.000326602"
"WA","NC","f","86","0.000326602"
"WA","NC","f","87","0.000326602"
"WA","NC","f","88","0.000326602"
"WA","NC","f","89","0.000326602"
"WA","NC","f","90","0"
"WA","NC","f","91","0"
"WA","NC","f","92","0"
"WA","NC","f","93","0"
"WA","NC","f","94","0"
"WA","NC","f","95","0"
"WA","NC","f","96","0"
"WA","NC","f","97","0"
"WA","NC","f","98","0"
"WA","NC","f","99","0"
"WA","NC","f","100","0"
"WA","ND","m","0","0.0000465"
"WA","ND","m","1","0.0000465"
"WA","ND","m","2","0.0000465"
"WA","ND","m","3","0.0000465"
"WA","ND","m","4","0.0000465"
"WA","ND","m","5","0.00000751"
"WA","ND","m","6","0.00000751"
"WA","ND","m","7","0.00000751"
"WA","ND","m","8","0.00000751"
"WA","ND","m","9","0.00000751"
"WA","ND","m","10","0.000018"
"WA","ND","m","11","0.000018"
"WA","ND","m","12","0.000018"
"WA","ND","m","13","0.000018"
"WA","ND","m","14","0.000018"
"WA","ND","m","15","0.000202365"
"WA","ND","m","16","0.000202365"
"WA","ND","m","17","0.000202365"
"WA","ND","m","18","0.000202365"
"WA","ND","m","19","0.000202365"
"WA","ND","m","20","0.000167529"
"WA","ND","m","21","0.000167529"
"WA","ND","m","22","0.000167529"
"WA","ND","m","23","0.000167529"
"WA","ND","m","24","0.000167529"
"WA","ND","m","25","0.00026556"
"WA","ND","m","26","0.00026556"
"WA","ND","m","27","0.00026556"
"WA","ND","m","28","0.00026556"
"WA","ND","m","29","0.00026556"
"WA","ND","m","30","0.0000469"
"WA","ND","m","31","0.0000469"
"WA","ND","m","32","0.0000469"
"WA","ND","m","33","0.0000469"
"WA","ND","m","34","0.0000469"
"WA","ND","m","35","0.0000723423"
"WA","ND","m","36","0.0000723423"
"WA","ND","m","37","0.0000723423"
"WA","ND","m","38","0.0000723423"
"WA","ND","m","39","0.0000723423"
"WA","ND","m","40","0.000038"
"WA","ND","m","41","0.000038"
"WA","ND","m","42","0.000038"
"WA","ND","m","43","0.000038"
"WA","ND","m","44","0.000038"
"WA","ND","m","45","0.000171307"
"WA","ND","m","46","0.000171307"
"WA","ND","m","47","0.000171307"
"WA","ND","m","48","0.000171307"
"WA","ND","m","49","0.000171307"
"WA","ND","m","50","0.0000744626"
"WA","ND","m","51","0.0000744626"
"WA","ND","m","52","0.0000744626"
"WA","ND","m","53","0.0000744626"
"WA","ND","m","54","0.0000744626"
"WA","ND","m","55","0"
"WA","ND","m","56","0"
"WA","ND","m","57","0"
"WA","ND","m","58","0"
"WA","ND","m","59","0"
"WA","ND","m","60","0.0000283"
"WA","ND","m","61","0.0000283"
"WA","ND","m","62","0.0000283"
"WA","ND","m","63","0.0000283"
"WA","ND","m","64","0.0000283"
"WA","ND","m","65","0.0000122"
"WA","ND","m","66","0.0000122"
"WA","ND","m","67","0.0000122"
"WA","ND","m","68","0.0000122"
"WA","ND","m","69","0.0000122"
"WA","ND","m","70","0"
"WA","ND","m","71","0"
"WA","ND","m","72","0"
"WA","ND","m","73","0"
"WA","ND","m","74","0"
"WA","ND","m","75","0.0000754942"
"WA","ND","m","76","0.0000754942"
"WA","ND","m","77","0.0000754942"
"WA","ND","m","78","0.0000754942"
"WA","ND","m","79","0.0000754942"
"WA","ND","m","80","0"
"WA","ND","m","81","0"
"WA","ND","m","82","0"
"WA","ND","m","83","0"
"WA","ND","m","84","0"
"WA","ND","m","85","0"
"WA","ND","m","86","0"
"WA","ND","m","87","0"
"WA","ND","m","88","0"
"WA","ND","m","89","0"
"WA","ND","m","90","0"
"WA","ND","m","91","0"
"WA","ND","m","92","0"
"WA","ND","m","93","0"
"WA","ND","m","94","0"
"WA","ND","m","95","0"
"WA","ND","m","96","0"
"WA","ND","m","97","0"
"WA","ND","m","98","0"
"WA","ND","m","99","0"
"WA","ND","m","100","0"
"WA","ND","f","0","0.000095631"
"WA","ND","f","1","0.000095631"
"WA","ND","f","2","0.000095631"
"WA","ND","f","3","0.000095631"
"WA","ND","f","4","0.000095631"
"WA","ND","f","5","0.0000732821"
"WA","ND","f","6","0.0000732821"
"WA","ND","f","7","0.0000732821"
"WA","ND","f","8","0.0000732821"
"WA","ND","f","9","0.0000732821"
"WA","ND","f","10","0.0000278"
"WA","ND","f","11","0.0000278"
"WA","ND","f","12","0.0000278"
"WA","ND","f","13","0.0000278"
"WA","ND","f","14","0.0000278"
"WA","ND","f","15","0.000192612"
"WA","ND","f","16","0.000192612"
"WA","ND","f","17","0.000192612"
"WA","ND","f","18","0.000192612"
"WA","ND","f","19","0.000192612"
"WA","ND","f","20","0.000264517"
"WA","ND","f","21","0.000264517"
"WA","ND","f","22","0.000264517"
"WA","ND","f","23","0.000264517"
"WA","ND","f","24","0.000264517"
"WA","ND","f","25","0.00000563"
"WA","ND","f","26","0.00000563"
"WA","ND","f","27","0.00000563"
"WA","ND","f","28","0.00000563"
"WA","ND","f","29","0.00000563"
"WA","ND","f","30","0.000119672"
"WA","ND","f","31","0.000119672"
"WA","ND","f","32","0.000119672"
"WA","ND","f","33","0.000119672"
"WA","ND","f","34","0.000119672"
"WA","ND","f","35","0.0000103"
"WA","ND","f","36","0.0000103"
"WA","ND","f","37","0.0000103"
"WA","ND","f","38","0.0000103"
"WA","ND","f","39","0.0000103"
"WA","ND","f","40","0"
"WA","ND","f","41","0"
"WA","ND","f","42","0"
"WA","ND","f","43","0"
"WA","ND","f","44","0"
"WA","ND","f","45","0.0000964181"
"WA","ND","f","46","0.0000964181"
"WA","ND","f","47","0.0000964181"
"WA","ND","f","48","0.0000964181"
"WA","ND","f","49","0.0000964181"
"WA","ND","f","50","0"
"WA","ND","f","51","0"
"WA","ND","f","52","0"
"WA","ND","f","53","0"
"WA","ND","f","54","0"
"WA","ND","f","55","0.0000825156"
"WA","ND","f","56","0.0000825156"
"WA","ND","f","57","0.0000825156"
"WA","ND","f","58","0.0000825156"
"WA","ND","f","59","0.0000825156"
"WA","ND","f","60","0"
"WA","ND","f","61","0"
"WA","ND","f","62","0"
"WA","ND","f","63","0"
"WA","ND","f","64","0"
"WA","ND","f","65","0.0000338"
"WA","ND","f","66","0.0000338"
"WA","ND","f","67","0.0000338"
"WA","ND","f","68","0.0000338"
"WA","ND","f","69","0.0000338"
"WA","ND","f","70","0"
"WA","ND","f","71","0"
"WA","ND","f","72","0"
"WA","ND","f","73","0"
"WA","ND","f","74","0"
"WA","ND","f","75","0.000103044"
"WA","ND","f","76","0.000103044"
"WA","ND","f","77","0.000103044"
"WA","ND","f","78","0.000103044"
"WA","ND","f","79","0.000103044"
"WA","ND","f","80","0.000125693"
"WA","ND","f","81","0.000125693"
"WA","ND","f","82","0.000125693"
"WA","ND","f","83","0.000125693"
"WA","ND","f","84","0.000125693"
"WA","ND","f","85","0.000283055"
"WA","ND","f","86","0.000283055"
"WA","ND","f","87","0.000283055"
"WA","ND","f","88","0.000283055"
"WA","ND","f","89","0.000283055"
"WA","ND","f","90","0"
"WA","ND","f","91","0"
"WA","ND","f","92","0"
"WA","ND","f","93","0"
"WA","ND","f","94","0"
"WA","ND","f","95","0"
"WA","ND","f","96","0"
"WA","ND","f","97","0"
"WA","ND","f","98","0"
"WA","ND","f","99","0"
"WA","ND","f","100","0"
"WA","NE","m","0","0.000054"
"WA","NE","m","1","0.000054"
"WA","NE","m","2","0.000054"
"WA","NE","m","3","0.000054"
"WA","NE","m","4","0.000054"
"WA","NE","m","5","0.000202785"
"WA","NE","m","6","0.000202785"
"WA","NE","m","7","0.000202785"
"WA","NE","m","8","0.000202785"
"WA","NE","m","9","0.000202785"
"WA","NE","m","10","0.000177276"
"WA","NE","m","11","0.000177276"
"WA","NE","m","12","0.000177276"
"WA","NE","m","13","0.000177276"
"WA","NE","m","14","0.000177276"
"WA","NE","m","15","0.000180837"
"WA","NE","m","16","0.000180837"
"WA","NE","m","17","0.000180837"
"WA","NE","m","18","0.000180837"
"WA","NE","m","19","0.000180837"
"WA","NE","m","20","0.0000789976"
"WA","NE","m","21","0.0000789976"
"WA","NE","m","22","0.0000789976"
"WA","NE","m","23","0.0000789976"
"WA","NE","m","24","0.0000789976"
"WA","NE","m","25","0.0000674011"
"WA","NE","m","26","0.0000674011"
"WA","NE","m","27","0.0000674011"
"WA","NE","m","28","0.0000674011"
"WA","NE","m","29","0.0000674011"
"WA","NE","m","30","0.000142196"
"WA","NE","m","31","0.000142196"
"WA","NE","m","32","0.000142196"
"WA","NE","m","33","0.000142196"
"WA","NE","m","34","0.000142196"
"WA","NE","m","35","0.000154812"
"WA","NE","m","36","0.000154812"
"WA","NE","m","37","0.000154812"
"WA","NE","m","38","0.000154812"
"WA","NE","m","39","0.000154812"
"WA","NE","m","40","0.00013386"
"WA","NE","m","41","0.00013386"
"WA","NE","m","42","0.00013386"
"WA","NE","m","43","0.00013386"
"WA","NE","m","44","0.00013386"
"WA","NE","m","45","0.000250693"
"WA","NE","m","46","0.000250693"
"WA","NE","m","47","0.000250693"
"WA","NE","m","48","0.000250693"
"WA","NE","m","49","0.000250693"
"WA","NE","m","50","0.0000565"
"WA","NE","m","51","0.0000565"
"WA","NE","m","52","0.0000565"
"WA","NE","m","53","0.0000565"
"WA","NE","m","54","0.0000565"
"WA","NE","m","55","0.0000422"
"WA","NE","m","56","0.0000422"
"WA","NE","m","57","0.0000422"
"WA","NE","m","58","0.0000422"
"WA","NE","m","59","0.0000422"
"WA","NE","m","60","0"
"WA","NE","m","61","0"
"WA","NE","m","62","0"
"WA","NE","m","63","0"
"WA","NE","m","64","0"
"WA","NE","m","65","0"
"WA","NE","m","66","0"
"WA","NE","m","67","0"
"WA","NE","m","68","0"
"WA","NE","m","69","0"
"WA","NE","m","70","0"
"WA","NE","m","71","0"
"WA","NE","m","72","0"
"WA","NE","m","73","0"
"WA","NE","m","74","0"
"WA","NE","m","75","0"
"WA","NE","m","76","0"
"WA","NE","m","77","0"
"WA","NE","m","78","0"
"WA","NE","m","79","0"
"WA","NE","m","80","0"
"WA","NE","m","81","0"
"WA","NE","m","82","0"
"WA","NE","m","83","0"
"WA","NE","m","84","0"
"WA","NE","m","85","0"
"WA","NE","m","86","0"
"WA","NE","m","87","0"
"WA","NE","m","88","0"
"WA","NE","m","89","0"
"WA","NE","m","90","0"
"WA","NE","m","91","0"
"WA","NE","m","92","0"
"WA","NE","m","93","0"
"WA","NE","m","94","0"
"WA","NE","m","95","0"
"WA","NE","m","96","0"
"WA","NE","m","97","0"
"WA","NE","m","98","0"
"WA","NE","m","99","0"
"WA","NE","m","100","0"
"WA","NE","f","0","0.000232023"
"WA","NE","f","1","0.000232023"
"WA","NE","f","2","0.000232023"
"WA","NE","f","3","0.000232023"
"WA","NE","f","4","0.000232023"
"WA","NE","f","5","0.0000589"
"WA","NE","f","6","0.0000589"
"WA","NE","f","7","0.0000589"
"WA","NE","f","8","0.0000589"
"WA","NE","f","9","0.0000589"
"WA","NE","f","10","0.0000402"
"WA","NE","f","11","0.0000402"
"WA","NE","f","12","0.0000402"
"WA","NE","f","13","0.0000402"
"WA","NE","f","14","0.0000402"
"WA","NE","f","15","0.0000834148"
"WA","NE","f","16","0.0000834148"
"WA","NE","f","17","0.0000834148"
"WA","NE","f","18","0.0000834148"
"WA","NE","f","19","0.0000834148"
"WA","NE","f","20","0.000119033"
"WA","NE","f","21","0.000119033"
"WA","NE","f","22","0.000119033"
"WA","NE","f","23","0.000119033"
"WA","NE","f","24","0.000119033"
"WA","NE","f","25","0.000122439"
"WA","NE","f","26","0.000122439"
"WA","NE","f","27","0.000122439"
"WA","NE","f","28","0.000122439"
"WA","NE","f","29","0.000122439"
"WA","NE","f","30","0.00000443"
"WA","NE","f","31","0.00000443"
"WA","NE","f","32","0.00000443"
"WA","NE","f","33","0.00000443"
"WA","NE","f","34","0.00000443"
"WA","NE","f","35","0.000387085"
"WA","NE","f","36","0.000387085"
"WA","NE","f","37","0.000387085"
"WA","NE","f","38","0.000387085"
"WA","NE","f","39","0.000387085"
"WA","NE","f","40","0.000029"
"WA","NE","f","41","0.000029"
"WA","NE","f","42","0.000029"
"WA","NE","f","43","0.000029"
"WA","NE","f","44","0.000029"
"WA","NE","f","45","0.0000293"
"WA","NE","f","46","0.0000293"
"WA","NE","f","47","0.0000293"
"WA","NE","f","48","0.0000293"
"WA","NE","f","49","0.0000293"
"WA","NE","f","50","0.0000176"
"WA","NE","f","51","0.0000176"
"WA","NE","f","52","0.0000176"
"WA","NE","f","53","0.0000176"
"WA","NE","f","54","0.0000176"
"WA","NE","f","55","0.0000405"
"WA","NE","f","56","0.0000405"
"WA","NE","f","57","0.0000405"
"WA","NE","f","58","0.0000405"
"WA","NE","f","59","0.0000405"
"WA","NE","f","60","0"
"WA","NE","f","61","0"
"WA","NE","f","62","0"
"WA","NE","f","63","0"
"WA","NE","f","64","0"
"WA","NE","f","65","0"
"WA","NE","f","66","0"
"WA","NE","f","67","0"
"WA","NE","f","68","0"
"WA","NE","f","69","0"
"WA","NE","f","70","0.000121129"
"WA","NE","f","71","0.000121129"
"WA","NE","f","72","0.000121129"
"WA","NE","f","73","0.000121129"
"WA","NE","f","74","0.000121129"
"WA","NE","f","75","0.0000783136"
"WA","NE","f","76","0.0000783136"
"WA","NE","f","77","0.0000783136"
"WA","NE","f","78","0.0000783136"
"WA","NE","f","79","0.0000783136"
"WA","NE","f","80","0"
"WA","NE","f","81","0"
"WA","NE","f","82","0"
"WA","NE","f","83","0"
"WA","NE","f","84","0"
"WA","NE","f","85","0.0000363"
"WA","NE","f","86","0.0000363"
"WA","NE","f","87","0.0000363"
"WA","NE","f","88","0.0000363"
"WA","NE","f","89","0.0000363"
"WA","NE","f","90","0"
"WA","NE","f","91","0"
"WA","NE","f","92","0"
"WA","NE","f","93","0"
"WA","NE","f","94","0"
"WA","NE","f","95","0"
"WA","NE","f","96","0"
"WA","NE","f","97","0"
"WA","NE","f","98","0"
"WA","NE","f","99","0"
"WA","NE","f","100","0"
"WA","NH","m","0","0.0000255"
"WA","NH","m","1","0.0000255"
"WA","NH","m","2","0.0000255"
"WA","NH","m","3","0.0000255"
"WA","NH","m","4","0.0000255"
"WA","NH","m","5","0"
"WA","NH","m","6","0"
"WA","NH","m","7","0"
"WA","NH","m","8","0"
"WA","NH","m","9","0"
"WA","NH","m","10","0.0000315"
"WA","NH","m","11","0.0000315"
"WA","NH","m","12","0.0000315"
"WA","NH","m","13","0.0000315"
"WA","NH","m","14","0.0000315"
"WA","NH","m","15","0"
"WA","NH","m","16","0"
"WA","NH","m","17","0"
"WA","NH","m","18","0"
"WA","NH","m","19","0"
"WA","NH","m","20","0.0000123"
"WA","NH","m","21","0.0000123"
"WA","NH","m","22","0.0000123"
"WA","NH","m","23","0.0000123"
"WA","NH","m","24","0.0000123"
"WA","NH","m","25","0.0000499"
"WA","NH","m","26","0.0000499"
"WA","NH","m","27","0.0000499"
"WA","NH","m","28","0.0000499"
"WA","NH","m","29","0.0000499"
"WA","NH","m","30","0.0000427"
"WA","NH","m","31","0.0000427"
"WA","NH","m","32","0.0000427"
"WA","NH","m","33","0.0000427"
"WA","NH","m","34","0.0000427"
"WA","NH","m","35","0.0000795765"
"WA","NH","m","36","0.0000795765"
"WA","NH","m","37","0.0000795765"
"WA","NH","m","38","0.0000795765"
"WA","NH","m","39","0.0000795765"
"WA","NH","m","40","0.0000324"
"WA","NH","m","41","0.0000324"
"WA","NH","m","42","0.0000324"
"WA","NH","m","43","0.0000324"
"WA","NH","m","44","0.0000324"
"WA","NH","m","45","0.00000557"
"WA","NH","m","46","0.00000557"
"WA","NH","m","47","0.00000557"
"WA","NH","m","48","0.00000557"
"WA","NH","m","49","0.00000557"
"WA","NH","m","50","0.0000359"
"WA","NH","m","51","0.0000359"
"WA","NH","m","52","0.0000359"
"WA","NH","m","53","0.0000359"
"WA","NH","m","54","0.0000359"
"WA","NH","m","55","0"
"WA","NH","m","56","0"
"WA","NH","m","57","0"
"WA","NH","m","58","0"
"WA","NH","m","59","0"
"WA","NH","m","60","0.0000371"
"WA","NH","m","61","0.0000371"
"WA","NH","m","62","0.0000371"
"WA","NH","m","63","0.0000371"
"WA","NH","m","64","0.0000371"
"WA","NH","m","65","0"
"WA","NH","m","66","0"
"WA","NH","m","67","0"
"WA","NH","m","68","0"
"WA","NH","m","69","0"
"WA","NH","m","70","0"
"WA","NH","m","71","0"
"WA","NH","m","72","0"
"WA","NH","m","73","0"
"WA","NH","m","74","0"
"WA","NH","m","75","0"
"WA","NH","m","76","0"
"WA","NH","m","77","0"
"WA","NH","m","78","0"
"WA","NH","m","79","0"
"WA","NH","m","80","0"
"WA","NH","m","81","0"
"WA","NH","m","82","0"
"WA","NH","m","83","0"
"WA","NH","m","84","0"
"WA","NH","m","85","0"
"WA","NH","m","86","0"
"WA","NH","m","87","0"
"WA","NH","m","88","0"
"WA","NH","m","89","0"
"WA","NH","m","90","0"
"WA","NH","m","91","0"
"WA","NH","m","92","0"
"WA","NH","m","93","0"
"WA","NH","m","94","0"
"WA","NH","m","95","0"
"WA","NH","m","96","0"
"WA","NH","m","97","0"
"WA","NH","m","98","0"
"WA","NH","m","99","0"
"WA","NH","m","100","0"
"WA","NH","f","0","0"
"WA","NH","f","1","0"
"WA","NH","f","2","0"
"WA","NH","f","3","0"
"WA","NH","f","4","0"
"WA","NH","f","5","0"
"WA","NH","f","6","0"
"WA","NH","f","7","0"
"WA","NH","f","8","0"
"WA","NH","f","9","0"
"WA","NH","f","10","0"
"WA","NH","f","11","0"
"WA","NH","f","12","0"
"WA","NH","f","13","0"
"WA","NH","f","14","0"
"WA","NH","f","15","0.0000955479"
"WA","NH","f","16","0.0000955479"
"WA","NH","f","17","0.0000955479"
"WA","NH","f","18","0.0000955479"
"WA","NH","f","19","0.0000955479"
"WA","NH","f","20","0.000132259"
"WA","NH","f","21","0.000132259"
"WA","NH","f","22","0.000132259"
"WA","NH","f","23","0.000132259"
"WA","NH","f","24","0.000132259"
"WA","NH","f","25","0.000085848"
"WA","NH","f","26","0.000085848"
"WA","NH","f","27","0.000085848"
"WA","NH","f","28","0.000085848"
"WA","NH","f","29","0.000085848"
"WA","NH","f","30","0"
"WA","NH","f","31","0"
"WA","NH","f","32","0"
"WA","NH","f","33","0"
"WA","NH","f","34","0"
"WA","NH","f","35","0.0000384"
"WA","NH","f","36","0.0000384"
"WA","NH","f","37","0.0000384"
"WA","NH","f","38","0.0000384"
"WA","NH","f","39","0.0000384"
"WA","NH","f","40","0.00000726"
"WA","NH","f","41","0.00000726"
"WA","NH","f","42","0.00000726"
"WA","NH","f","43","0.00000726"
"WA","NH","f","44","0.00000726"
"WA","NH","f","45","0"
"WA","NH","f","46","0"
"WA","NH","f","47","0"
"WA","NH","f","48","0"
"WA","NH","f","49","0"
"WA","NH","f","50","0.0000272"
"WA","NH","f","51","0.0000272"
"WA","NH","f","52","0.0000272"
"WA","NH","f","53","0.0000272"
"WA","NH","f","54","0.0000272"
"WA","NH","f","55","0.0000275"
"WA","NH","f","56","0.0000275"
"WA","NH","f","57","0.0000275"
"WA","NH","f","58","0.0000275"
"WA","NH","f","59","0.0000275"
"WA","NH","f","60","0"
"WA","NH","f","61","0"
"WA","NH","f","62","0"
"WA","NH","f","63","0"
"WA","NH","f","64","0"
"WA","NH","f","65","0"
"WA","NH","f","66","0"
"WA","NH","f","67","0"
"WA","NH","f","68","0"
"WA","NH","f","69","0"
"WA","NH","f","70","0"
"WA","NH","f","71","0"
"WA","NH","f","72","0"
"WA","NH","f","73","0"
"WA","NH","f","74","0"
"WA","NH","f","75","0"
"WA","NH","f","76","0"
"WA","NH","f","77","0"
"WA","NH","f","78","0"
"WA","NH","f","79","0"
"WA","NH","f","80","0"
"WA","NH","f","81","0"
"WA","NH","f","82","0"
"WA","NH","f","83","0"
"WA","NH","f","84","0"
"WA","NH","f","85","0"
"WA","NH","f","86","0"
"WA","NH","f","87","0"
"WA","NH","f","88","0"
"WA","NH","f","89","0"
"WA","NH","f","90","0"
"WA","NH","f","91","0"
"WA","NH","f","92","0"
"WA","NH","f","93","0"
"WA","NH","f","94","0"
"WA","NH","f","95","0"
"WA","NH","f","96","0"
"WA","NH","f","97","0"
"WA","NH","f","98","0"
"WA","NH","f","99","0"
"WA","NH","f","100","0"
"WA","NJ","m","0","0.000105023"
"WA","NJ","m","1","0.000105023"
"WA","NJ","m","2","0.000105023"
"WA","NJ","m","3","0.000105023"
"WA","NJ","m","4","0.000105023"
"WA","NJ","m","5","0.000033"
"WA","NJ","m","6","0.000033"
"WA","NJ","m","7","0.000033"
"WA","NJ","m","8","0.000033"
"WA","NJ","m","9","0.000033"
"WA","NJ","m","10","0.0000976522"
"WA","NJ","m","11","0.0000976522"
"WA","NJ","m","12","0.0000976522"
"WA","NJ","m","13","0.0000976522"
"WA","NJ","m","14","0.0000976522"
"WA","NJ","m","15","0.0000832424"
"WA","NJ","m","16","0.0000832424"
"WA","NJ","m","17","0.0000832424"
"WA","NJ","m","18","0.0000832424"
"WA","NJ","m","19","0.0000832424"
"WA","NJ","m","20","0.000426315"
"WA","NJ","m","21","0.000426315"
"WA","NJ","m","22","0.000426315"
"WA","NJ","m","23","0.000426315"
"WA","NJ","m","24","0.000426315"
"WA","NJ","m","25","0.000688839"
"WA","NJ","m","26","0.000688839"
"WA","NJ","m","27","0.000688839"
"WA","NJ","m","28","0.000688839"
"WA","NJ","m","29","0.000688839"
"WA","NJ","m","30","0.000309988"
"WA","NJ","m","31","0.000309988"
"WA","NJ","m","32","0.000309988"
"WA","NJ","m","33","0.000309988"
"WA","NJ","m","34","0.000309988"
"WA","NJ","m","35","0.0000853639"
"WA","NJ","m","36","0.0000853639"
"WA","NJ","m","37","0.0000853639"
"WA","NJ","m","38","0.0000853639"
"WA","NJ","m","39","0.0000853639"
"WA","NJ","m","40","0.000174723"
"WA","NJ","m","41","0.000174723"
"WA","NJ","m","42","0.000174723"
"WA","NJ","m","43","0.000174723"
"WA","NJ","m","44","0.000174723"
"WA","NJ","m","45","0.0000334"
"WA","NJ","m","46","0.0000334"
"WA","NJ","m","47","0.0000334"
"WA","NJ","m","48","0.0000334"
"WA","NJ","m","49","0.0000334"
"WA","NJ","m","50","0.000143409"
"WA","NJ","m","51","0.000143409"
"WA","NJ","m","52","0.000143409"
"WA","NJ","m","53","0.000143409"
"WA","NJ","m","54","0.000143409"
"WA","NJ","m","55","0"
"WA","NJ","m","56","0"
"WA","NJ","m","57","0"
"WA","NJ","m","58","0"
"WA","NJ","m","59","0"
"WA","NJ","m","60","0"
"WA","NJ","m","61","0"
"WA","NJ","m","62","0"
"WA","NJ","m","63","0"
"WA","NJ","m","64","0"
"WA","NJ","m","65","0"
"WA","NJ","m","66","0"
"WA","NJ","m","67","0"
"WA","NJ","m","68","0"
"WA","NJ","m","69","0"
"WA","NJ","m","70","0.0000759176"
"WA","NJ","m","71","0.0000759176"
"WA","NJ","m","72","0.0000759176"
"WA","NJ","m","73","0.0000759176"
"WA","NJ","m","74","0.0000759176"
"WA","NJ","m","75","0"
"WA","NJ","m","76","0"
"WA","NJ","m","77","0"
"WA","NJ","m","78","0"
"WA","NJ","m","79","0"
"WA","NJ","m","80","0"
"WA","NJ","m","81","0"
"WA","NJ","m","82","0"
"WA","NJ","m","83","0"
"WA","NJ","m","84","0"
"WA","NJ","m","85","0"
"WA","NJ","m","86","0"
"WA","NJ","m","87","0"
"WA","NJ","m","88","0"
"WA","NJ","m","89","0"
"WA","NJ","m","90","0"
"WA","NJ","m","91","0"
"WA","NJ","m","92","0"
"WA","NJ","m","93","0"
"WA","NJ","m","94","0"
"WA","NJ","m","95","0"
"WA","NJ","m","96","0"
"WA","NJ","m","97","0"
"WA","NJ","m","98","0"
"WA","NJ","m","99","0"
"WA","NJ","m","100","0"
"WA","NJ","f","0","0.00017872"
"WA","NJ","f","1","0.00017872"
"WA","NJ","f","2","0.00017872"
"WA","NJ","f","3","0.00017872"
"WA","NJ","f","4","0.00017872"
"WA","NJ","f","5","0"
"WA","NJ","f","6","0"
"WA","NJ","f","7","0"
"WA","NJ","f","8","0"
"WA","NJ","f","9","0"
"WA","NJ","f","10","0.0000417"
"WA","NJ","f","11","0.0000417"
"WA","NJ","f","12","0.0000417"
"WA","NJ","f","13","0.0000417"
"WA","NJ","f","14","0.0000417"
"WA","NJ","f","15","0.0000561"
"WA","NJ","f","16","0.0000561"
"WA","NJ","f","17","0.0000561"
"WA","NJ","f","18","0.0000561"
"WA","NJ","f","19","0.0000561"
"WA","NJ","f","20","0.00012785"
"WA","NJ","f","21","0.00012785"
"WA","NJ","f","22","0.00012785"
"WA","NJ","f","23","0.00012785"
"WA","NJ","f","24","0.00012785"
"WA","NJ","f","25","0.000425018"
"WA","NJ","f","26","0.000425018"
"WA","NJ","f","27","0.000425018"
"WA","NJ","f","28","0.000425018"
"WA","NJ","f","29","0.000425018"
"WA","NJ","f","30","0.000267416"
"WA","NJ","f","31","0.000267416"
"WA","NJ","f","32","0.000267416"
"WA","NJ","f","33","0.000267416"
"WA","NJ","f","34","0.000267416"
"WA","NJ","f","35","0.0000502"
"WA","NJ","f","36","0.0000502"
"WA","NJ","f","37","0.0000502"
"WA","NJ","f","38","0.0000502"
"WA","NJ","f","39","0.0000502"
"WA","NJ","f","40","0.0000392"
"WA","NJ","f","41","0.0000392"
"WA","NJ","f","42","0.0000392"
"WA","NJ","f","43","0.0000392"
"WA","NJ","f","44","0.0000392"
"WA","NJ","f","45","0.0000377"
"WA","NJ","f","46","0.0000377"
"WA","NJ","f","47","0.0000377"
"WA","NJ","f","48","0.0000377"
"WA","NJ","f","49","0.0000377"
"WA","NJ","f","50","0.0000272"
"WA","NJ","f","51","0.0000272"
"WA","NJ","f","52","0.0000272"
"WA","NJ","f","53","0.0000272"
"WA","NJ","f","54","0.0000272"
"WA","NJ","f","55","0.0000723821"
"WA","NJ","f","56","0.0000723821"
"WA","NJ","f","57","0.0000723821"
"WA","NJ","f","58","0.0000723821"
"WA","NJ","f","59","0.0000723821"
"WA","NJ","f","60","0.0000453"
"WA","NJ","f","61","0.0000453"
"WA","NJ","f","62","0.0000453"
"WA","NJ","f","63","0.0000453"
"WA","NJ","f","64","0.0000453"
"WA","NJ","f","65","0"
"WA","NJ","f","66","0"
"WA","NJ","f","67","0"
"WA","NJ","f","68","0"
"WA","NJ","f","69","0"
"WA","NJ","f","70","0"
"WA","NJ","f","71","0"
"WA","NJ","f","72","0"
"WA","NJ","f","73","0"
"WA","NJ","f","74","0"
"WA","NJ","f","75","0"
"WA","NJ","f","76","0"
"WA","NJ","f","77","0"
"WA","NJ","f","78","0"
"WA","NJ","f","79","0"
"WA","NJ","f","80","0"
"WA","NJ","f","81","0"
"WA","NJ","f","82","0"
"WA","NJ","f","83","0"
"WA","NJ","f","84","0"
"WA","NJ","f","85","0"
"WA","NJ","f","86","0"
"WA","NJ","f","87","0"
"WA","NJ","f","88","0"
"WA","NJ","f","89","0"
"WA","NJ","f","90","0"
"WA","NJ","f","91","0"
"WA","NJ","f","92","0"
"WA","NJ","f","93","0"
"WA","NJ","f","94","0"
"WA","NJ","f","95","0"
"WA","NJ","f","96","0"
"WA","NJ","f","97","0"
"WA","NJ","f","98","0"
"WA","NJ","f","99","0"
"WA","NJ","f","100","0"
"WA","NM","m","0","0.000162036"
"WA","NM","m","1","0.000162036"
"WA","NM","m","2","0.000162036"
"WA","NM","m","3","0.000162036"
"WA","NM","m","4","0.000162036"
"WA","NM","m","5","0.000118667"
"WA","NM","m","6","0.000118667"
"WA","NM","m","7","0.000118667"
"WA","NM","m","8","0.000118667"
"WA","NM","m","9","0.000118667"
"WA","NM","m","10","0.00000451"
"WA","NM","m","11","0.00000451"
"WA","NM","m","12","0.00000451"
"WA","NM","m","13","0.00000451"
"WA","NM","m","14","0.00000451"
"WA","NM","m","15","0.000127734"
"WA","NM","m","16","0.000127734"
"WA","NM","m","17","0.000127734"
"WA","NM","m","18","0.000127734"
"WA","NM","m","19","0.000127734"
"WA","NM","m","20","0.0000313"
"WA","NM","m","21","0.0000313"
"WA","NM","m","22","0.0000313"
"WA","NM","m","23","0.0000313"
"WA","NM","m","24","0.0000313"
"WA","NM","m","25","0.000400362"
"WA","NM","m","26","0.000400362"
"WA","NM","m","27","0.000400362"
"WA","NM","m","28","0.000400362"
"WA","NM","m","29","0.000400362"
"WA","NM","m","30","0.0000483"
"WA","NM","m","31","0.0000483"
"WA","NM","m","32","0.0000483"
"WA","NM","m","33","0.0000483"
"WA","NM","m","34","0.0000483"
"WA","NM","m","35","0.0001606"
"WA","NM","m","36","0.0001606"
"WA","NM","m","37","0.0001606"
"WA","NM","m","38","0.0001606"
"WA","NM","m","39","0.0001606"
"WA","NM","m","40","0.000125406"
"WA","NM","m","41","0.000125406"
"WA","NM","m","42","0.000125406"
"WA","NM","m","43","0.000125406"
"WA","NM","m","44","0.000125406"
"WA","NM","m","45","0.0000195"
"WA","NM","m","46","0.0000195"
"WA","NM","m","47","0.0000195"
"WA","NM","m","48","0.0000195"
"WA","NM","m","49","0.0000195"
"WA","NM","m","50","0.000238556"
"WA","NM","m","51","0.000238556"
"WA","NM","m","52","0.000238556"
"WA","NM","m","53","0.000238556"
"WA","NM","m","54","0.000238556"
"WA","NM","m","55","0.0000859823"
"WA","NM","m","56","0.0000859823"
"WA","NM","m","57","0.0000859823"
"WA","NM","m","58","0.0000859823"
"WA","NM","m","59","0.0000859823"
"WA","NM","m","60","0"
"WA","NM","m","61","0"
"WA","NM","m","62","0"
"WA","NM","m","63","0"
"WA","NM","m","64","0"
"WA","NM","m","65","0.0000341"
"WA","NM","m","66","0.0000341"
"WA","NM","m","67","0.0000341"
"WA","NM","m","68","0.0000341"
"WA","NM","m","69","0.0000341"
"WA","NM","m","70","0"
"WA","NM","m","71","0"
"WA","NM","m","72","0"
"WA","NM","m","73","0"
"WA","NM","m","74","0"
"WA","NM","m","75","0"
"WA","NM","m","76","0"
"WA","NM","m","77","0"
"WA","NM","m","78","0"
"WA","NM","m","79","0"
"WA","NM","m","80","0"
"WA","NM","m","81","0"
"WA","NM","m","82","0"
"WA","NM","m","83","0"
"WA","NM","m","84","0"
"WA","NM","m","85","0"
"WA","NM","m","86","0"
"WA","NM","m","87","0"
"WA","NM","m","88","0"
"WA","NM","m","89","0"
"WA","NM","m","90","0"
"WA","NM","m","91","0"
"WA","NM","m","92","0"
"WA","NM","m","93","0"
"WA","NM","m","94","0"
"WA","NM","m","95","0"
"WA","NM","m","96","0"
"WA","NM","m","97","0"
"WA","NM","m","98","0"
"WA","NM","m","99","0"
"WA","NM","m","100","0"
"WA","NM","f","0","0"
"WA","NM","f","1","0"
"WA","NM","f","2","0"
"WA","NM","f","3","0"
"WA","NM","f","4","0"
"WA","NM","f","5","0.000184798"
"WA","NM","f","6","0.000184798"
"WA","NM","f","7","0.000184798"
"WA","NM","f","8","0.000184798"
"WA","NM","f","9","0.000184798"
"WA","NM","f","10","0.0000201"
"WA","NM","f","11","0.0000201"
"WA","NM","f","12","0.0000201"
"WA","NM","f","13","0.0000201"
"WA","NM","f","14","0.0000201"
"WA","NM","f","15","0.000181996"
"WA","NM","f","16","0.000181996"
"WA","NM","f","17","0.000181996"
"WA","NM","f","18","0.000181996"
"WA","NM","f","19","0.000181996"
"WA","NM","f","20","0.000176345"
"WA","NM","f","21","0.000176345"
"WA","NM","f","22","0.000176345"
"WA","NM","f","23","0.000176345"
"WA","NM","f","24","0.000176345"
"WA","NM","f","25","0.000219546"
"WA","NM","f","26","0.000219546"
"WA","NM","f","27","0.000219546"
"WA","NM","f","28","0.000219546"
"WA","NM","f","29","0.000219546"
"WA","NM","f","30","0.000189112"
"WA","NM","f","31","0.000189112"
"WA","NM","f","32","0.000189112"
"WA","NM","f","33","0.000189112"
"WA","NM","f","34","0.000189112"
"WA","NM","f","35","0.0000399"
"WA","NM","f","36","0.0000399"
"WA","NM","f","37","0.0000399"
"WA","NM","f","38","0.0000399"
"WA","NM","f","39","0.0000399"
"WA","NM","f","40","0.000168351"
"WA","NM","f","41","0.000168351"
"WA","NM","f","42","0.000168351"
"WA","NM","f","43","0.000168351"
"WA","NM","f","44","0.000168351"
"WA","NM","f","45","0.000188644"
"WA","NM","f","46","0.000188644"
"WA","NM","f","47","0.000188644"
"WA","NM","f","48","0.000188644"
"WA","NM","f","49","0.000188644"
"WA","NM","f","50","0.00010046"
"WA","NM","f","51","0.00010046"
"WA","NM","f","52","0.00010046"
"WA","NM","f","53","0.00010046"
"WA","NM","f","54","0.00010046"
"WA","NM","f","55","0.000102783"
"WA","NM","f","56","0.000102783"
"WA","NM","f","57","0.000102783"
"WA","NM","f","58","0.000102783"
"WA","NM","f","59","0.000102783"
"WA","NM","f","60","0.00011573"
"WA","NM","f","61","0.00011573"
"WA","NM","f","62","0.00011573"
"WA","NM","f","63","0.00011573"
"WA","NM","f","64","0.00011573"
"WA","NM","f","65","0.0000743622"
"WA","NM","f","66","0.0000743622"
"WA","NM","f","67","0.0000743622"
"WA","NM","f","68","0.0000743622"
"WA","NM","f","69","0.0000743622"
"WA","NM","f","70","0"
"WA","NM","f","71","0"
"WA","NM","f","72","0"
"WA","NM","f","73","0"
"WA","NM","f","74","0"
"WA","NM","f","75","0.0000700701"
"WA","NM","f","76","0.0000700701"
"WA","NM","f","77","0.0000700701"
"WA","NM","f","78","0.0000700701"
"WA","NM","f","79","0.0000700701"
"WA","NM","f","80","0"
"WA","NM","f","81","0"
"WA","NM","f","82","0"
"WA","NM","f","83","0"
"WA","NM","f","84","0"
"WA","NM","f","85","0.000174188"
"WA","NM","f","86","0.000174188"
"WA","NM","f","87","0.000174188"
"WA","NM","f","88","0.000174188"
"WA","NM","f","89","0.000174188"
"WA","NM","f","90","0"
"WA","NM","f","91","0"
"WA","NM","f","92","0"
"WA","NM","f","93","0"
"WA","NM","f","94","0"
"WA","NM","f","95","0"
"WA","NM","f","96","0"
"WA","NM","f","97","0"
"WA","NM","f","98","0"
"WA","NM","f","99","0"
"WA","NM","f","100","0"
"WA","NV","m","0","0.000660147"
"WA","NV","m","1","0.000660147"
"WA","NV","m","2","0.000660147"
"WA","NV","m","3","0.000660147"
"WA","NV","m","4","0.000660147"
"WA","NV","m","5","0.000264372"
"WA","NV","m","6","0.000264372"
"WA","NV","m","7","0.000264372"
"WA","NV","m","8","0.000264372"
"WA","NV","m","9","0.000264372"
"WA","NV","m","10","0.000507791"
"WA","NV","m","11","0.000507791"
"WA","NV","m","12","0.000507791"
"WA","NV","m","13","0.000507791"
"WA","NV","m","14","0.000507791"
"WA","NV","m","15","0.000344451"
"WA","NV","m","16","0.000344451"
"WA","NV","m","17","0.000344451"
"WA","NV","m","18","0.000344451"
"WA","NV","m","19","0.000344451"
"WA","NV","m","20","0.000938437"
"WA","NV","m","21","0.000938437"
"WA","NV","m","22","0.000938437"
"WA","NV","m","23","0.000938437"
"WA","NV","m","24","0.000938437"
"WA","NV","m","25","0.001032585"
"WA","NV","m","26","0.001032585"
"WA","NV","m","27","0.001032585"
"WA","NV","m","28","0.001032585"
"WA","NV","m","29","0.001032585"
"WA","NV","m","30","0.000345537"
"WA","NV","m","31","0.000345537"
"WA","NV","m","32","0.000345537"
"WA","NV","m","33","0.000345537"
"WA","NV","m","34","0.000345537"
"WA","NV","m","35","0.000287922"
"WA","NV","m","36","0.000287922"
"WA","NV","m","37","0.000287922"
"WA","NV","m","38","0.000287922"
"WA","NV","m","39","0.000287922"
"WA","NV","m","40","0.000593213"
"WA","NV","m","41","0.000593213"
"WA","NV","m","42","0.000593213"
"WA","NV","m","43","0.000593213"
"WA","NV","m","44","0.000593213"
"WA","NV","m","45","0.000342613"
"WA","NV","m","46","0.000342613"
"WA","NV","m","47","0.000342613"
"WA","NV","m","48","0.000342613"
"WA","NV","m","49","0.000342613"
"WA","NV","m","50","0.000383345"
"WA","NV","m","51","0.000383345"
"WA","NV","m","52","0.000383345"
"WA","NV","m","53","0.000383345"
"WA","NV","m","54","0.000383345"
"WA","NV","m","55","0.000343929"
"WA","NV","m","56","0.000343929"
"WA","NV","m","57","0.000343929"
"WA","NV","m","58","0.000343929"
"WA","NV","m","59","0.000343929"
"WA","NV","m","60","0.000337396"
"WA","NV","m","61","0.000337396"
"WA","NV","m","62","0.000337396"
"WA","NV","m","63","0.000337396"
"WA","NV","m","64","0.000337396"
"WA","NV","m","65","0.000480197"
"WA","NV","m","66","0.000480197"
"WA","NV","m","67","0.000480197"
"WA","NV","m","68","0.000480197"
"WA","NV","m","69","0.000480197"
"WA","NV","m","70","0.000117327"
"WA","NV","m","71","0.000117327"
"WA","NV","m","72","0.000117327"
"WA","NV","m","73","0.000117327"
"WA","NV","m","74","0.000117327"
"WA","NV","m","75","0.000498262"
"WA","NV","m","76","0.000498262"
"WA","NV","m","77","0.000498262"
"WA","NV","m","78","0.000498262"
"WA","NV","m","79","0.000498262"
"WA","NV","m","80","0"
"WA","NV","m","81","0"
"WA","NV","m","82","0"
"WA","NV","m","83","0"
"WA","NV","m","84","0"
"WA","NV","m","85","0.000272003"
"WA","NV","m","86","0.000272003"
"WA","NV","m","87","0.000272003"
"WA","NV","m","88","0.000272003"
"WA","NV","m","89","0.000272003"
"WA","NV","m","90","0"
"WA","NV","m","91","0"
"WA","NV","m","92","0"
"WA","NV","m","93","0"
"WA","NV","m","94","0"
"WA","NV","m","95","0"
"WA","NV","m","96","0"
"WA","NV","m","97","0"
"WA","NV","m","98","0"
"WA","NV","m","99","0"
"WA","NV","m","100","0"
"WA","NV","f","0","0.000517348"
"WA","NV","f","1","0.000517348"
"WA","NV","f","2","0.000517348"
"WA","NV","f","3","0.000517348"
"WA","NV","f","4","0.000517348"
"WA","NV","f","5","0.000614932"
"WA","NV","f","6","0.000614932"
"WA","NV","f","7","0.000614932"
"WA","NV","f","8","0.000614932"
"WA","NV","f","9","0.000614932"
"WA","NV","f","10","0.00036015"
"WA","NV","f","11","0.00036015"
"WA","NV","f","12","0.00036015"
"WA","NV","f","13","0.00036015"
"WA","NV","f","14","0.00036015"
"WA","NV","f","15","0.000380675"
"WA","NV","f","16","0.000380675"
"WA","NV","f","17","0.000380675"
"WA","NV","f","18","0.000380675"
"WA","NV","f","19","0.000380675"
"WA","NV","f","20","0.001077172"
"WA","NV","f","21","0.001077172"
"WA","NV","f","22","0.001077172"
"WA","NV","f","23","0.001077172"
"WA","NV","f","24","0.001077172"
"WA","NV","f","25","0.000868331"
"WA","NV","f","26","0.000868331"
"WA","NV","f","27","0.000868331"
"WA","NV","f","28","0.000868331"
"WA","NV","f","29","0.000868331"
"WA","NV","f","30","0.000400385"
"WA","NV","f","31","0.000400385"
"WA","NV","f","32","0.000400385"
"WA","NV","f","33","0.000400385"
"WA","NV","f","34","0.000400385"
"WA","NV","f","35","0.000379698"
"WA","NV","f","36","0.000379698"
"WA","NV","f","37","0.000379698"
"WA","NV","f","38","0.000379698"
"WA","NV","f","39","0.000379698"
"WA","NV","f","40","0.00036863"
"WA","NV","f","41","0.00036863"
"WA","NV","f","42","0.00036863"
"WA","NV","f","43","0.00036863"
"WA","NV","f","44","0.00036863"
"WA","NV","f","45","0.000382878"
"WA","NV","f","46","0.000382878"
"WA","NV","f","47","0.000382878"
"WA","NV","f","48","0.000382878"
"WA","NV","f","49","0.000382878"
"WA","NV","f","50","0.000467002"
"WA","NV","f","51","0.000467002"
"WA","NV","f","52","0.000467002"
"WA","NV","f","53","0.000467002"
"WA","NV","f","54","0.000467002"
"WA","NV","f","55","0.000335853"
"WA","NV","f","56","0.000335853"
"WA","NV","f","57","0.000335853"
"WA","NV","f","58","0.000335853"
"WA","NV","f","59","0.000335853"
"WA","NV","f","60","0.000285131"
"WA","NV","f","61","0.000285131"
"WA","NV","f","62","0.000285131"
"WA","NV","f","63","0.000285131"
"WA","NV","f","64","0.000285131"
"WA","NV","f","65","0.000108163"
"WA","NV","f","66","0.000108163"
"WA","NV","f","67","0.000108163"
"WA","NV","f","68","0.000108163"
"WA","NV","f","69","0.000108163"
"WA","NV","f","70","0.000286884"
"WA","NV","f","71","0.000286884"
"WA","NV","f","72","0.000286884"
"WA","NV","f","73","0.000286884"
"WA","NV","f","74","0.000286884"
"WA","NV","f","75","0.000346229"
"WA","NV","f","76","0.000346229"
"WA","NV","f","77","0.000346229"
"WA","NV","f","78","0.000346229"
"WA","NV","f","79","0.000346229"
"WA","NV","f","80","0"
"WA","NV","f","81","0"
"WA","NV","f","82","0"
"WA","NV","f","83","0"
"WA","NV","f","84","0"
"WA","NV","f","85","0.000137899"
"WA","NV","f","86","0.000137899"
"WA","NV","f","87","0.000137899"
"WA","NV","f","88","0.000137899"
"WA","NV","f","89","0.000137899"
"WA","NV","f","90","0"
"WA","NV","f","91","0"
"WA","NV","f","92","0"
"WA","NV","f","93","0"
"WA","NV","f","94","0"
"WA","NV","f","95","0"
"WA","NV","f","96","0"
"WA","NV","f","97","0"
"WA","NV","f","98","0"
"WA","NV","f","99","0"
"WA","NV","f","100","0"
"WA","NY","m","0","0.000264059"
"WA","NY","m","1","0.000264059"
"WA","NY","m","2","0.000264059"
"WA","NY","m","3","0.000264059"
"WA","NY","m","4","0.000264059"
"WA","NY","m","5","0.0000826162"
"WA","NY","m","6","0.0000826162"
"WA","NY","m","7","0.0000826162"
"WA","NY","m","8","0.0000826162"
"WA","NY","m","9","0.0000826162"
"WA","NY","m","10","0.0000195"
"WA","NY","m","11","0.0000195"
"WA","NY","m","12","0.0000195"
"WA","NY","m","13","0.0000195"
"WA","NY","m","14","0.0000195"
"WA","NY","m","15","0.000651587"
"WA","NY","m","16","0.000651587"
"WA","NY","m","17","0.000651587"
"WA","NY","m","18","0.000651587"
"WA","NY","m","19","0.000651587"
"WA","NY","m","20","0.000488968"
"WA","NY","m","21","0.000488968"
"WA","NY","m","22","0.000488968"
"WA","NY","m","23","0.000488968"
"WA","NY","m","24","0.000488968"
"WA","NY","m","25","0.0009881"
"WA","NY","m","26","0.0009881"
"WA","NY","m","27","0.0009881"
"WA","NY","m","28","0.0009881"
"WA","NY","m","29","0.0009881"
"WA","NY","m","30","0.000583005"
"WA","NY","m","31","0.000583005"
"WA","NY","m","32","0.000583005"
"WA","NY","m","33","0.000583005"
"WA","NY","m","34","0.000583005"
"WA","NY","m","35","0.000368946"
"WA","NY","m","36","0.000368946"
"WA","NY","m","37","0.000368946"
"WA","NY","m","38","0.000368946"
"WA","NY","m","39","0.000368946"
"WA","NY","m","40","0.000264903"
"WA","NY","m","41","0.000264903"
"WA","NY","m","42","0.000264903"
"WA","NY","m","43","0.000264903"
"WA","NY","m","44","0.000264903"
"WA","NY","m","45","0.0000655"
"WA","NY","m","46","0.0000655"
"WA","NY","m","47","0.0000655"
"WA","NY","m","48","0.0000655"
"WA","NY","m","49","0.0000655"
"WA","NY","m","50","0.0000827362"
"WA","NY","m","51","0.0000827362"
"WA","NY","m","52","0.0000827362"
"WA","NY","m","53","0.0000827362"
"WA","NY","m","54","0.0000827362"
"WA","NY","m","55","0.000114643"
"WA","NY","m","56","0.000114643"
"WA","NY","m","57","0.000114643"
"WA","NY","m","58","0.000114643"
"WA","NY","m","59","0.000114643"
"WA","NY","m","60","0.000151917"
"WA","NY","m","61","0.000151917"
"WA","NY","m","62","0.000151917"
"WA","NY","m","63","0.000151917"
"WA","NY","m","64","0.000151917"
"WA","NY","m","65","0"
"WA","NY","m","66","0"
"WA","NY","m","67","0"
"WA","NY","m","68","0"
"WA","NY","m","69","0"
"WA","NY","m","70","0"
"WA","NY","m","71","0"
"WA","NY","m","72","0"
"WA","NY","m","73","0"
"WA","NY","m","74","0"
"WA","NY","m","75","0"
"WA","NY","m","76","0"
"WA","NY","m","77","0"
"WA","NY","m","78","0"
"WA","NY","m","79","0"
"WA","NY","m","80","0"
"WA","NY","m","81","0"
"WA","NY","m","82","0"
"WA","NY","m","83","0"
"WA","NY","m","84","0"
"WA","NY","m","85","0"
"WA","NY","m","86","0"
"WA","NY","m","87","0"
"WA","NY","m","88","0"
"WA","NY","m","89","0"
"WA","NY","m","90","0"
"WA","NY","m","91","0"
"WA","NY","m","92","0"
"WA","NY","m","93","0"
"WA","NY","m","94","0"
"WA","NY","m","95","0"
"WA","NY","m","96","0"
"WA","NY","m","97","0"
"WA","NY","m","98","0"
"WA","NY","m","99","0"
"WA","NY","m","100","0"
"WA","NY","f","0","0.000203804"
"WA","NY","f","1","0.000203804"
"WA","NY","f","2","0.000203804"
"WA","NY","f","3","0.000203804"
"WA","NY","f","4","0.000203804"
"WA","NY","f","5","0.000119482"
"WA","NY","f","6","0.000119482"
"WA","NY","f","7","0.000119482"
"WA","NY","f","8","0.000119482"
"WA","NY","f","9","0.000119482"
"WA","NY","f","10","0.0000417"
"WA","NY","f","11","0.0000417"
"WA","NY","f","12","0.0000417"
"WA","NY","f","13","0.0000417"
"WA","NY","f","14","0.0000417"
"WA","NY","f","15","0.00076135"
"WA","NY","f","16","0.00076135"
"WA","NY","f","17","0.00076135"
"WA","NY","f","18","0.00076135"
"WA","NY","f","19","0.00076135"
"WA","NY","f","20","0.000930218"
"WA","NY","f","21","0.000930218"
"WA","NY","f","22","0.000930218"
"WA","NY","f","23","0.000930218"
"WA","NY","f","24","0.000930218"
"WA","NY","f","25","0.000691006"
"WA","NY","f","26","0.000691006"
"WA","NY","f","27","0.000691006"
"WA","NY","f","28","0.000691006"
"WA","NY","f","29","0.000691006"
"WA","NY","f","30","0.000369359"
"WA","NY","f","31","0.000369359"
"WA","NY","f","32","0.000369359"
"WA","NY","f","33","0.000369359"
"WA","NY","f","34","0.000369359"
"WA","NY","f","35","0.000262982"
"WA","NY","f","36","0.000262982"
"WA","NY","f","37","0.000262982"
"WA","NY","f","38","0.000262982"
"WA","NY","f","39","0.000262982"
"WA","NY","f","40","0.000230757"
"WA","NY","f","41","0.000230757"
"WA","NY","f","42","0.000230757"
"WA","NY","f","43","0.000230757"
"WA","NY","f","44","0.000230757"
"WA","NY","f","45","0.0000265"
"WA","NY","f","46","0.0000265"
"WA","NY","f","47","0.0000265"
"WA","NY","f","48","0.0000265"
"WA","NY","f","49","0.0000265"
"WA","NY","f","50","0.000141187"
"WA","NY","f","51","0.000141187"
"WA","NY","f","52","0.000141187"
"WA","NY","f","53","0.000141187"
"WA","NY","f","54","0.000141187"
"WA","NY","f","55","0"
"WA","NY","f","56","0"
"WA","NY","f","57","0"
"WA","NY","f","58","0"
"WA","NY","f","59","0"
"WA","NY","f","60","0.000052"
"WA","NY","f","61","0.000052"
"WA","NY","f","62","0.000052"
"WA","NY","f","63","0.000052"
"WA","NY","f","64","0.000052"
"WA","NY","f","65","0.0000248"
"WA","NY","f","66","0.0000248"
"WA","NY","f","67","0.0000248"
"WA","NY","f","68","0.0000248"
"WA","NY","f","69","0.0000248"
"WA","NY","f","70","0"
"WA","NY","f","71","0"
"WA","NY","f","72","0"
"WA","NY","f","73","0"
"WA","NY","f","74","0"
"WA","NY","f","75","0"
"WA","NY","f","76","0"
"WA","NY","f","77","0"
"WA","NY","f","78","0"
"WA","NY","f","79","0"
"WA","NY","f","80","0"
"WA","NY","f","81","0"
"WA","NY","f","82","0"
"WA","NY","f","83","0"
"WA","NY","f","84","0"
"WA","NY","f","85","0"
"WA","NY","f","86","0"
"WA","NY","f","87","0"
"WA","NY","f","88","0"
"WA","NY","f","89","0"
"WA","NY","f","90","0"
"WA","NY","f","91","0"
"WA","NY","f","92","0"
"WA","NY","f","93","0"
"WA","NY","f","94","0"
"WA","NY","f","95","0"
"WA","NY","f","96","0"
"WA","NY","f","97","0"
"WA","NY","f","98","0"
"WA","NY","f","99","0"
"WA","NY","f","100","0"
"WA","OH","m","0","0.000433597"
"WA","OH","m","1","0.000433597"
"WA","OH","m","2","0.000433597"
"WA","OH","m","3","0.000433597"
"WA","OH","m","4","0.000433597"
"WA","OH","m","5","0.000211798"
"WA","OH","m","6","0.000211798"
"WA","OH","m","7","0.000211798"
"WA","OH","m","8","0.000211798"
"WA","OH","m","9","0.000211798"
"WA","OH","m","10","0.000181783"
"WA","OH","m","11","0.000181783"
"WA","OH","m","12","0.000181783"
"WA","OH","m","13","0.000181783"
"WA","OH","m","14","0.000181783"
"WA","OH","m","15","0.000396119"
"WA","OH","m","16","0.000396119"
"WA","OH","m","17","0.000396119"
"WA","OH","m","18","0.000396119"
"WA","OH","m","19","0.000396119"
"WA","OH","m","20","0.000540725"
"WA","OH","m","21","0.000540725"
"WA","OH","m","22","0.000540725"
"WA","OH","m","23","0.000540725"
"WA","OH","m","24","0.000540725"
"WA","OH","m","25","0.000448891"
"WA","OH","m","26","0.000448891"
"WA","OH","m","27","0.000448891"
"WA","OH","m","28","0.000448891"
"WA","OH","m","29","0.000448891"
"WA","OH","m","30","0.000349803"
"WA","OH","m","31","0.000349803"
"WA","OH","m","32","0.000349803"
"WA","OH","m","33","0.000349803"
"WA","OH","m","34","0.000349803"
"WA","OH","m","35","0.000185196"
"WA","OH","m","36","0.000185196"
"WA","OH","m","37","0.000185196"
"WA","OH","m","38","0.000185196"
"WA","OH","m","39","0.000185196"
"WA","OH","m","40","0.000107088"
"WA","OH","m","41","0.000107088"
"WA","OH","m","42","0.000107088"
"WA","OH","m","43","0.000107088"
"WA","OH","m","44","0.000107088"
"WA","OH","m","45","0.000174092"
"WA","OH","m","46","0.000174092"
"WA","OH","m","47","0.000174092"
"WA","OH","m","48","0.000174092"
"WA","OH","m","49","0.000174092"
"WA","OH","m","50","0.0000345"
"WA","OH","m","51","0.0000345"
"WA","OH","m","52","0.0000345"
"WA","OH","m","53","0.0000345"
"WA","OH","m","54","0.0000345"
"WA","OH","m","55","0.000132745"
"WA","OH","m","56","0.000132745"
"WA","OH","m","57","0.000132745"
"WA","OH","m","58","0.000132745"
"WA","OH","m","59","0.000132745"
"WA","OH","m","60","0.0000971561"
"WA","OH","m","61","0.0000971561"
"WA","OH","m","62","0.0000971561"
"WA","OH","m","63","0.0000971561"
"WA","OH","m","64","0.0000971561"
"WA","OH","m","65","0"
"WA","OH","m","66","0"
"WA","OH","m","67","0"
"WA","OH","m","68","0"
"WA","OH","m","69","0"
"WA","OH","m","70","0"
"WA","OH","m","71","0"
"WA","OH","m","72","0"
"WA","OH","m","73","0"
"WA","OH","m","74","0"
"WA","OH","m","75","0"
"WA","OH","m","76","0"
"WA","OH","m","77","0"
"WA","OH","m","78","0"
"WA","OH","m","79","0"
"WA","OH","m","80","0"
"WA","OH","m","81","0"
"WA","OH","m","82","0"
"WA","OH","m","83","0"
"WA","OH","m","84","0"
"WA","OH","m","85","0.000173093"
"WA","OH","m","86","0.000173093"
"WA","OH","m","87","0.000173093"
"WA","OH","m","88","0.000173093"
"WA","OH","m","89","0.000173093"
"WA","OH","m","90","0"
"WA","OH","m","91","0"
"WA","OH","m","92","0"
"WA","OH","m","93","0"
"WA","OH","m","94","0"
"WA","OH","m","95","0"
"WA","OH","m","96","0"
"WA","OH","m","97","0"
"WA","OH","m","98","0"
"WA","OH","m","99","0"
"WA","OH","m","100","0"
"WA","OH","f","0","0.000307273"
"WA","OH","f","1","0.000307273"
"WA","OH","f","2","0.000307273"
"WA","OH","f","3","0.000307273"
"WA","OH","f","4","0.000307273"
"WA","OH","f","5","0.000240556"
"WA","OH","f","6","0.000240556"
"WA","OH","f","7","0.000240556"
"WA","OH","f","8","0.000240556"
"WA","OH","f","9","0.000240556"
"WA","OH","f","10","0.000151479"
"WA","OH","f","11","0.000151479"
"WA","OH","f","12","0.000151479"
"WA","OH","f","13","0.000151479"
"WA","OH","f","14","0.000151479"
"WA","OH","f","15","0.000221428"
"WA","OH","f","16","0.000221428"
"WA","OH","f","17","0.000221428"
"WA","OH","f","18","0.000221428"
"WA","OH","f","19","0.000221428"
"WA","OH","f","20","0.000449679"
"WA","OH","f","21","0.000449679"
"WA","OH","f","22","0.000449679"
"WA","OH","f","23","0.000449679"
"WA","OH","f","24","0.000449679"
"WA","OH","f","25","0.000607972"
"WA","OH","f","26","0.000607972"
"WA","OH","f","27","0.000607972"
"WA","OH","f","28","0.000607972"
"WA","OH","f","29","0.000607972"
"WA","OH","f","30","0.000441753"
"WA","OH","f","31","0.000441753"
"WA","OH","f","32","0.000441753"
"WA","OH","f","33","0.000441753"
"WA","OH","f","34","0.000441753"
"WA","OH","f","35","0.000273324"
"WA","OH","f","36","0.000273324"
"WA","OH","f","37","0.000273324"
"WA","OH","f","38","0.000273324"
"WA","OH","f","39","0.000273324"
"WA","OH","f","40","0.000177059"
"WA","OH","f","41","0.000177059"
"WA","OH","f","42","0.000177059"
"WA","OH","f","43","0.000177059"
"WA","OH","f","44","0.000177059"
"WA","OH","f","45","0.000134147"
"WA","OH","f","46","0.000134147"
"WA","OH","f","47","0.000134147"
"WA","OH","f","48","0.000134147"
"WA","OH","f","49","0.000134147"
"WA","OH","f","50","0.000114035"
"WA","OH","f","51","0.000114035"
"WA","OH","f","52","0.000114035"
"WA","OH","f","53","0.000114035"
"WA","OH","f","54","0.000114035"
"WA","OH","f","55","0.000125945"
"WA","OH","f","56","0.000125945"
"WA","OH","f","57","0.000125945"
"WA","OH","f","58","0.000125945"
"WA","OH","f","59","0.000125945"
"WA","OH","f","60","0.000258296"
"WA","OH","f","61","0.000258296"
"WA","OH","f","62","0.000258296"
"WA","OH","f","63","0.000258296"
"WA","OH","f","64","0.000258296"
"WA","OH","f","65","0.0000631"
"WA","OH","f","66","0.0000631"
"WA","OH","f","67","0.0000631"
"WA","OH","f","68","0.0000631"
"WA","OH","f","69","0.0000631"
"WA","OH","f","70","0.00000956"
"WA","OH","f","71","0.00000956"
"WA","OH","f","72","0.00000956"
"WA","OH","f","73","0.00000956"
"WA","OH","f","74","0.00000956"
"WA","OH","f","75","0.000164871"
"WA","OH","f","76","0.000164871"
"WA","OH","f","77","0.000164871"
"WA","OH","f","78","0.000164871"
"WA","OH","f","79","0.000164871"
"WA","OH","f","80","0"
"WA","OH","f","81","0"
"WA","OH","f","82","0"
"WA","OH","f","83","0"
"WA","OH","f","84","0"
"WA","OH","f","85","0"
"WA","OH","f","86","0"
"WA","OH","f","87","0"
"WA","OH","f","88","0"
"WA","OH","f","89","0"
"WA","OH","f","90","0"
"WA","OH","f","91","0"
"WA","OH","f","92","0"
"WA","OH","f","93","0"
"WA","OH","f","94","0"
"WA","OH","f","95","0"
"WA","OH","f","96","0"
"WA","OH","f","97","0"
"WA","OH","f","98","0"
"WA","OH","f","99","0"
"WA","OH","f","100","0"
"WA","OK","m","0","0.000240053"
"WA","OK","m","1","0.000240053"
"WA","OK","m","2","0.000240053"
"WA","OK","m","3","0.000240053"
"WA","OK","m","4","0.000240053"
"WA","OK","m","5","0.000175747"
"WA","OK","m","6","0.000175747"
"WA","OK","m","7","0.000175747"
"WA","OK","m","8","0.000175747"
"WA","OK","m","9","0.000175747"
"WA","OK","m","10","0.000109671"
"WA","OK","m","11","0.000109671"
"WA","OK","m","12","0.000109671"
"WA","OK","m","13","0.000109671"
"WA","OK","m","14","0.000109671"
"WA","OK","m","15","0.000249727"
"WA","OK","m","16","0.000249727"
"WA","OK","m","17","0.000249727"
"WA","OK","m","18","0.000249727"
"WA","OK","m","19","0.000249727"
"WA","OK","m","20","0.000603379"
"WA","OK","m","21","0.000603379"
"WA","OK","m","22","0.000603379"
"WA","OK","m","23","0.000603379"
"WA","OK","m","24","0.000603379"
"WA","OK","m","25","0.000308697"
"WA","OK","m","26","0.000308697"
"WA","OK","m","27","0.000308697"
"WA","OK","m","28","0.000308697"
"WA","OK","m","29","0.000308697"
"WA","OK","m","30","0.000264485"
"WA","OK","m","31","0.000264485"
"WA","OK","m","32","0.000264485"
"WA","OK","m","33","0.000264485"
"WA","OK","m","34","0.000264485"
"WA","OK","m","35","0.000163494"
"WA","OK","m","36","0.000163494"
"WA","OK","m","37","0.000163494"
"WA","OK","m","38","0.000163494"
"WA","OK","m","39","0.000163494"
"WA","OK","m","40","0.000114134"
"WA","OK","m","41","0.000114134"
"WA","OK","m","42","0.000114134"
"WA","OK","m","43","0.000114134"
"WA","OK","m","44","0.000114134"
"WA","OK","m","45","0.0000599"
"WA","OK","m","46","0.0000599"
"WA","OK","m","47","0.0000599"
"WA","OK","m","48","0.0000599"
"WA","OK","m","49","0.0000599"
"WA","OK","m","50","0.0000951467"
"WA","OK","m","51","0.0000951467"
"WA","OK","m","52","0.0000951467"
"WA","OK","m","53","0.0000951467"
"WA","OK","m","54","0.0000951467"
"WA","OK","m","55","0.0000814569"
"WA","OK","m","56","0.0000814569"
"WA","OK","m","57","0.0000814569"
"WA","OK","m","58","0.0000814569"
"WA","OK","m","59","0.0000814569"
"WA","OK","m","60","0.000167815"
"WA","OK","m","61","0.000167815"
"WA","OK","m","62","0.000167815"
"WA","OK","m","63","0.000167815"
"WA","OK","m","64","0.000167815"
"WA","OK","m","65","0.0000366"
"WA","OK","m","66","0.0000366"
"WA","OK","m","67","0.0000366"
"WA","OK","m","68","0.0000366"
"WA","OK","m","69","0.0000366"
"WA","OK","m","70","0.0000173"
"WA","OK","m","71","0.0000173"
"WA","OK","m","72","0.0000173"
"WA","OK","m","73","0.0000173"
"WA","OK","m","74","0.0000173"
"WA","OK","m","75","0"
"WA","OK","m","76","0"
"WA","OK","m","77","0"
"WA","OK","m","78","0"
"WA","OK","m","79","0"
"WA","OK","m","80","0"
"WA","OK","m","81","0"
"WA","OK","m","82","0"
"WA","OK","m","83","0"
"WA","OK","m","84","0"
"WA","OK","m","85","0.000111"
"WA","OK","m","86","0.000111"
"WA","OK","m","87","0.000111"
"WA","OK","m","88","0.000111"
"WA","OK","m","89","0.000111"
"WA","OK","m","90","0"
"WA","OK","m","91","0"
"WA","OK","m","92","0"
"WA","OK","m","93","0"
"WA","OK","m","94","0"
"WA","OK","m","95","0"
"WA","OK","m","96","0"
"WA","OK","m","97","0"
"WA","OK","m","98","0"
"WA","OK","m","99","0"
"WA","OK","m","100","0"
"WA","OK","f","0","0.0000549"
"WA","OK","f","1","0.0000549"
"WA","OK","f","2","0.0000549"
"WA","OK","f","3","0.0000549"
"WA","OK","f","4","0.0000549"
"WA","OK","f","5","0.000157716"
"WA","OK","f","6","0.000157716"
"WA","OK","f","7","0.000157716"
"WA","OK","f","8","0.000157716"
"WA","OK","f","9","0.000157716"
"WA","OK","f","10","0.000145297"
"WA","OK","f","11","0.000145297"
"WA","OK","f","12","0.000145297"
"WA","OK","f","13","0.000145297"
"WA","OK","f","14","0.000145297"
"WA","OK","f","15","0.000397358"
"WA","OK","f","16","0.000397358"
"WA","OK","f","17","0.000397358"
"WA","OK","f","18","0.000397358"
"WA","OK","f","19","0.000397358"
"WA","OK","f","20","0.000345342"
"WA","OK","f","21","0.000345342"
"WA","OK","f","22","0.000345342"
"WA","OK","f","23","0.000345342"
"WA","OK","f","24","0.000345342"
"WA","OK","f","25","0.0000647"
"WA","OK","f","26","0.0000647"
"WA","OK","f","27","0.0000647"
"WA","OK","f","28","0.0000647"
"WA","OK","f","29","0.0000647"
"WA","OK","f","30","0.000212751"
"WA","OK","f","31","0.000212751"
"WA","OK","f","32","0.000212751"
"WA","OK","f","33","0.000212751"
"WA","OK","f","34","0.000212751"
"WA","OK","f","35","0.000116717"
"WA","OK","f","36","0.000116717"
"WA","OK","f","37","0.000116717"
"WA","OK","f","38","0.000116717"
"WA","OK","f","39","0.000116717"
"WA","OK","f","40","0.000172705"
"WA","OK","f","41","0.000172705"
"WA","OK","f","42","0.000172705"
"WA","OK","f","43","0.000172705"
"WA","OK","f","44","0.000172705"
"WA","OK","f","45","0.000120173"
"WA","OK","f","46","0.000120173"
"WA","OK","f","47","0.000120173"
"WA","OK","f","48","0.000120173"
"WA","OK","f","49","0.000120173"
"WA","OK","f","50","0.0000597"
"WA","OK","f","51","0.0000597"
"WA","OK","f","52","0.0000597"
"WA","OK","f","53","0.0000597"
"WA","OK","f","54","0.0000597"
"WA","OK","f","55","0.0000940967"
"WA","OK","f","56","0.0000940967"
"WA","OK","f","57","0.0000940967"
"WA","OK","f","58","0.0000940967"
"WA","OK","f","59","0.0000940967"
"WA","OK","f","60","0.000140888"
"WA","OK","f","61","0.000140888"
"WA","OK","f","62","0.000140888"
"WA","OK","f","63","0.000140888"
"WA","OK","f","64","0.000140888"
"WA","OK","f","65","0"
"WA","OK","f","66","0"
"WA","OK","f","67","0"
"WA","OK","f","68","0"
"WA","OK","f","69","0"
"WA","OK","f","70","0.0000765024"
"WA","OK","f","71","0.0000765024"
"WA","OK","f","72","0.0000765024"
"WA","OK","f","73","0.0000765024"
"WA","OK","f","74","0.0000765024"
"WA","OK","f","75","0"
"WA","OK","f","76","0"
"WA","OK","f","77","0"
"WA","OK","f","78","0"
"WA","OK","f","79","0"
"WA","OK","f","80","0.0000854712"
"WA","OK","f","81","0.0000854712"
"WA","OK","f","82","0.0000854712"
"WA","OK","f","83","0.0000854712"
"WA","OK","f","84","0.0000854712"
"WA","OK","f","85","0"
"WA","OK","f","86","0"
"WA","OK","f","87","0"
"WA","OK","f","88","0"
"WA","OK","f","89","0"
"WA","OK","f","90","0"
"WA","OK","f","91","0"
"WA","OK","f","92","0"
"WA","OK","f","93","0"
"WA","OK","f","94","0"
"WA","OK","f","95","0"
"WA","OK","f","96","0"
"WA","OK","f","97","0"
"WA","OK","f","98","0"
"WA","OK","f","99","0"
"WA","OK","f","100","0"
"WA","OR","m","0","0.001992443"
"WA","OR","m","1","0.001992443"
"WA","OR","m","2","0.001992443"
"WA","OR","m","3","0.001992443"
"WA","OR","m","4","0.001992443"
"WA","OR","m","5","0.001623783"
"WA","OR","m","6","0.001623783"
"WA","OR","m","7","0.001623783"
"WA","OR","m","8","0.001623783"
"WA","OR","m","9","0.001623783"
"WA","OR","m","10","0.001155301"
"WA","OR","m","11","0.001155301"
"WA","OR","m","12","0.001155301"
"WA","OR","m","13","0.001155301"
"WA","OR","m","14","0.001155301"
"WA","OR","m","15","0.004022902"
"WA","OR","m","16","0.004022902"
"WA","OR","m","17","0.004022902"
"WA","OR","m","18","0.004022902"
"WA","OR","m","19","0.004022902"
"WA","OR","m","20","0.005487612"
"WA","OR","m","21","0.005487612"
"WA","OR","m","22","0.005487612"
"WA","OR","m","23","0.005487612"
"WA","OR","m","24","0.005487612"
"WA","OR","m","25","0.00475582"
"WA","OR","m","26","0.00475582"
"WA","OR","m","27","0.00475582"
"WA","OR","m","28","0.00475582"
"WA","OR","m","29","0.00475582"
"WA","OR","m","30","0.002915024"
"WA","OR","m","31","0.002915024"
"WA","OR","m","32","0.002915024"
"WA","OR","m","33","0.002915024"
"WA","OR","m","34","0.002915024"
"WA","OR","m","35","0.00248134"
"WA","OR","m","36","0.00248134"
"WA","OR","m","37","0.00248134"
"WA","OR","m","38","0.00248134"
"WA","OR","m","39","0.00248134"
"WA","OR","m","40","0.00192618"
"WA","OR","m","41","0.00192618"
"WA","OR","m","42","0.00192618"
"WA","OR","m","43","0.00192618"
"WA","OR","m","44","0.00192618"
"WA","OR","m","45","0.001420592"
"WA","OR","m","46","0.001420592"
"WA","OR","m","47","0.001420592"
"WA","OR","m","48","0.001420592"
"WA","OR","m","49","0.001420592"
"WA","OR","m","50","0.001512694"
"WA","OR","m","51","0.001512694"
"WA","OR","m","52","0.001512694"
"WA","OR","m","53","0.001512694"
"WA","OR","m","54","0.001512694"
"WA","OR","m","55","0.001291243"
"WA","OR","m","56","0.001291243"
"WA","OR","m","57","0.001291243"
"WA","OR","m","58","0.001291243"
"WA","OR","m","59","0.001291243"
"WA","OR","m","60","0.00134782"
"WA","OR","m","61","0.00134782"
"WA","OR","m","62","0.00134782"
"WA","OR","m","63","0.00134782"
"WA","OR","m","64","0.00134782"
"WA","OR","m","65","0.000945769"
"WA","OR","m","66","0.000945769"
"WA","OR","m","67","0.000945769"
"WA","OR","m","68","0.000945769"
"WA","OR","m","69","0.000945769"
"WA","OR","m","70","0.001083552"
"WA","OR","m","71","0.001083552"
"WA","OR","m","72","0.001083552"
"WA","OR","m","73","0.001083552"
"WA","OR","m","74","0.001083552"
"WA","OR","m","75","0.000553624"
"WA","OR","m","76","0.000553624"
"WA","OR","m","77","0.000553624"
"WA","OR","m","78","0.000553624"
"WA","OR","m","79","0.000553624"
"WA","OR","m","80","0.001318702"
"WA","OR","m","81","0.001318702"
"WA","OR","m","82","0.001318702"
"WA","OR","m","83","0.001318702"
"WA","OR","m","84","0.001318702"
"WA","OR","m","85","0.001236378"
"WA","OR","m","86","0.001236378"
"WA","OR","m","87","0.001236378"
"WA","OR","m","88","0.001236378"
"WA","OR","m","89","0.001236378"
"WA","OR","m","90","0.001846258"
"WA","OR","m","91","0.001846258"
"WA","OR","m","92","0.001846258"
"WA","OR","m","93","0.001846258"
"WA","OR","m","94","0.001846258"
"WA","OR","m","95","0"
"WA","OR","m","96","0"
"WA","OR","m","97","0"
"WA","OR","m","98","0"
"WA","OR","m","99","0"
"WA","OR","m","100","0"
"WA","OR","f","0","0.001854614"
"WA","OR","f","1","0.001854614"
"WA","OR","f","2","0.001854614"
"WA","OR","f","3","0.001854614"
"WA","OR","f","4","0.001854614"
"WA","OR","f","5","0.001228271"
"WA","OR","f","6","0.001228271"
"WA","OR","f","7","0.001228271"
"WA","OR","f","8","0.001228271"
"WA","OR","f","9","0.001228271"
"WA","OR","f","10","0.001218018"
"WA","OR","f","11","0.001218018"
"WA","OR","f","12","0.001218018"
"WA","OR","f","13","0.001218018"
"WA","OR","f","14","0.001218018"
"WA","OR","f","15","0.004269323"
"WA","OR","f","16","0.004269323"
"WA","OR","f","17","0.004269323"
"WA","OR","f","18","0.004269323"
"WA","OR","f","19","0.004269323"
"WA","OR","f","20","0.005258012"
"WA","OR","f","21","0.005258012"
"WA","OR","f","22","0.005258012"
"WA","OR","f","23","0.005258012"
"WA","OR","f","24","0.005258012"
"WA","OR","f","25","0.005084732"
"WA","OR","f","26","0.005084732"
"WA","OR","f","27","0.005084732"
"WA","OR","f","28","0.005084732"
"WA","OR","f","29","0.005084732"
"WA","OR","f","30","0.002937139"
"WA","OR","f","31","0.002937139"
"WA","OR","f","32","0.002937139"
"WA","OR","f","33","0.002937139"
"WA","OR","f","34","0.002937139"
"WA","OR","f","35","0.002523441"
"WA","OR","f","36","0.002523441"
"WA","OR","f","37","0.002523441"
"WA","OR","f","38","0.002523441"
"WA","OR","f","39","0.002523441"
"WA","OR","f","40","0.001439689"
"WA","OR","f","41","0.001439689"
"WA","OR","f","42","0.001439689"
"WA","OR","f","43","0.001439689"
"WA","OR","f","44","0.001439689"
"WA","OR","f","45","0.00115562"
"WA","OR","f","46","0.00115562"
"WA","OR","f","47","0.00115562"
"WA","OR","f","48","0.00115562"
"WA","OR","f","49","0.00115562"
"WA","OR","f","50","0.001918237"
"WA","OR","f","51","0.001918237"
"WA","OR","f","52","0.001918237"
"WA","OR","f","53","0.001918237"
"WA","OR","f","54","0.001918237"
"WA","OR","f","55","0.001566348"
"WA","OR","f","56","0.001566348"
"WA","OR","f","57","0.001566348"
"WA","OR","f","58","0.001566348"
"WA","OR","f","59","0.001566348"
"WA","OR","f","60","0.001477652"
"WA","OR","f","61","0.001477652"
"WA","OR","f","62","0.001477652"
"WA","OR","f","63","0.001477652"
"WA","OR","f","64","0.001477652"
"WA","OR","f","65","0.001097406"
"WA","OR","f","66","0.001097406"
"WA","OR","f","67","0.001097406"
"WA","OR","f","68","0.001097406"
"WA","OR","f","69","0.001097406"
"WA","OR","f","70","0.000911653"
"WA","OR","f","71","0.000911653"
"WA","OR","f","72","0.000911653"
"WA","OR","f","73","0.000911653"
"WA","OR","f","74","0.000911653"
"WA","OR","f","75","0.000890302"
"WA","OR","f","76","0.000890302"
"WA","OR","f","77","0.000890302"
"WA","OR","f","78","0.000890302"
"WA","OR","f","79","0.000890302"
"WA","OR","f","80","0.001126209"
"WA","OR","f","81","0.001126209"
"WA","OR","f","82","0.001126209"
"WA","OR","f","83","0.001126209"
"WA","OR","f","84","0.001126209"
"WA","OR","f","85","0.001778166"
"WA","OR","f","86","0.001778166"
"WA","OR","f","87","0.001778166"
"WA","OR","f","88","0.001778166"
"WA","OR","f","89","0.001778166"
"WA","OR","f","90","0.001311771"
"WA","OR","f","91","0.001311771"
"WA","OR","f","92","0.001311771"
"WA","OR","f","93","0.001311771"
"WA","OR","f","94","0.001311771"
"WA","OR","f","95","0"
"WA","OR","f","96","0"
"WA","OR","f","97","0"
"WA","OR","f","98","0"
"WA","OR","f","99","0"
"WA","OR","f","100","0"
"WA","PA","m","0","0.000148533"
"WA","PA","m","1","0.000148533"
"WA","PA","m","2","0.000148533"
"WA","PA","m","3","0.000148533"
"WA","PA","m","4","0.000148533"
"WA","PA","m","5","0.000276389"
"WA","PA","m","6","0.000276389"
"WA","PA","m","7","0.000276389"
"WA","PA","m","8","0.000276389"
"WA","PA","m","9","0.000276389"
"WA","PA","m","10","0.0000391"
"WA","PA","m","11","0.0000391"
"WA","PA","m","12","0.0000391"
"WA","PA","m","13","0.0000391"
"WA","PA","m","14","0.0000391"
"WA","PA","m","15","0.000179402"
"WA","PA","m","16","0.000179402"
"WA","PA","m","17","0.000179402"
"WA","PA","m","18","0.000179402"
"WA","PA","m","19","0.000179402"
"WA","PA","m","20","0.000514847"
"WA","PA","m","21","0.000514847"
"WA","PA","m","22","0.000514847"
"WA","PA","m","23","0.000514847"
"WA","PA","m","24","0.000514847"
"WA","PA","m","25","0.000417887"
"WA","PA","m","26","0.000417887"
"WA","PA","m","27","0.000417887"
"WA","PA","m","28","0.000417887"
"WA","PA","m","29","0.000417887"
"WA","PA","m","30","0.000309988"
"WA","PA","m","31","0.000309988"
"WA","PA","m","32","0.000309988"
"WA","PA","m","33","0.000309988"
"WA","PA","m","34","0.000309988"
"WA","PA","m","35","0.000496268"
"WA","PA","m","36","0.000496268"
"WA","PA","m","37","0.000496268"
"WA","PA","m","38","0.000496268"
"WA","PA","m","39","0.000496268"
"WA","PA","m","40","0.000076089"
"WA","PA","m","41","0.000076089"
"WA","PA","m","42","0.000076089"
"WA","PA","m","43","0.000076089"
"WA","PA","m","44","0.000076089"
"WA","PA","m","45","0.000107241"
"WA","PA","m","46","0.000107241"
"WA","PA","m","47","0.000107241"
"WA","PA","m","48","0.000107241"
"WA","PA","m","49","0.000107241"
"WA","PA","m","50","0.000114452"
"WA","PA","m","51","0.000114452"
"WA","PA","m","52","0.000114452"
"WA","PA","m","53","0.000114452"
"WA","PA","m","54","0.000114452"
"WA","PA","m","55","0.0000844739"
"WA","PA","m","56","0.0000844739"
"WA","PA","m","57","0.0000844739"
"WA","PA","m","58","0.0000844739"
"WA","PA","m","59","0.0000844739"
"WA","PA","m","60","0.0000477"
"WA","PA","m","61","0.0000477"
"WA","PA","m","62","0.0000477"
"WA","PA","m","63","0.0000477"
"WA","PA","m","64","0.0000477"
"WA","PA","m","65","0.000414383"
"WA","PA","m","66","0.000414383"
"WA","PA","m","67","0.000414383"
"WA","PA","m","68","0.000414383"
"WA","PA","m","69","0.000414383"
"WA","PA","m","70","0"
"WA","PA","m","71","0"
"WA","PA","m","72","0"
"WA","PA","m","73","0"
"WA","PA","m","74","0"
"WA","PA","m","75","0"
"WA","PA","m","76","0"
"WA","PA","m","77","0"
"WA","PA","m","78","0"
"WA","PA","m","79","0"
"WA","PA","m","80","0.0000837271"
"WA","PA","m","81","0.0000837271"
"WA","PA","m","82","0.0000837271"
"WA","PA","m","83","0.0000837271"
"WA","PA","m","84","0.0000837271"
"WA","PA","m","85","0.000259639"
"WA","PA","m","86","0.000259639"
"WA","PA","m","87","0.000259639"
"WA","PA","m","88","0.000259639"
"WA","PA","m","89","0.000259639"
"WA","PA","m","90","0"
"WA","PA","m","91","0"
"WA","PA","m","92","0"
"WA","PA","m","93","0"
"WA","PA","m","94","0"
"WA","PA","m","95","0"
"WA","PA","m","96","0"
"WA","PA","m","97","0"
"WA","PA","m","98","0"
"WA","PA","m","99","0"
"WA","PA","m","100","0"
"WA","PA","f","0","0.000327654"
"WA","PA","f","1","0.000327654"
"WA","PA","f","2","0.000327654"
"WA","PA","f","3","0.000327654"
"WA","PA","f","4","0.000327654"
"WA","PA","f","5","0.000137006"
"WA","PA","f","6","0.000137006"
"WA","PA","f","7","0.000137006"
"WA","PA","f","8","0.000137006"
"WA","PA","f","9","0.000137006"
"WA","PA","f","10","0.000142205"
"WA","PA","f","11","0.000142205"
"WA","PA","f","12","0.000142205"
"WA","PA","f","13","0.000142205"
"WA","PA","f","14","0.000142205"
"WA","PA","f","15","0.000345792"
"WA","PA","f","16","0.000345792"
"WA","PA","f","17","0.000345792"
"WA","PA","f","18","0.000345792"
"WA","PA","f","19","0.000345792"
"WA","PA","f","20","0.00035122"
"WA","PA","f","21","0.00035122"
"WA","PA","f","22","0.00035122"
"WA","PA","f","23","0.00035122"
"WA","PA","f","24","0.00035122"
"WA","PA","f","25","0.000481312"
"WA","PA","f","26","0.000481312"
"WA","PA","f","27","0.000481312"
"WA","PA","f","28","0.000481312"
"WA","PA","f","29","0.000481312"
"WA","PA","f","30","0.000341287"
"WA","PA","f","31","0.000341287"
"WA","PA","f","32","0.000341287"
"WA","PA","f","33","0.000341287"
"WA","PA","f","34","0.000341287"
"WA","PA","f","35","0.0000797809"
"WA","PA","f","36","0.0000797809"
"WA","PA","f","37","0.0000797809"
"WA","PA","f","38","0.0000797809"
"WA","PA","f","39","0.0000797809"
"WA","PA","f","40","0.0000377"
"WA","PA","f","41","0.0000377"
"WA","PA","f","42","0.0000377"
"WA","PA","f","43","0.0000377"
"WA","PA","f","44","0.0000377"
"WA","PA","f","45","0.0000852392"
"WA","PA","f","46","0.0000852392"
"WA","PA","f","47","0.0000852392"
"WA","PA","f","48","0.0000852392"
"WA","PA","f","49","0.0000852392"
"WA","PA","f","50","0.0000705933"
"WA","PA","f","51","0.0000705933"
"WA","PA","f","52","0.0000705933"
"WA","PA","f","53","0.0000705933"
"WA","PA","f","54","0.0000705933"
"WA","PA","f","55","0.000131735"
"WA","PA","f","56","0.000131735"
"WA","PA","f","57","0.000131735"
"WA","PA","f","58","0.000131735"
"WA","PA","f","59","0.000131735"
"WA","PA","f","60","0.000112375"
"WA","PA","f","61","0.000112375"
"WA","PA","f","62","0.000112375"
"WA","PA","f","63","0.000112375"
"WA","PA","f","64","0.000112375"
"WA","PA","f","65","0.000286182"
"WA","PA","f","66","0.000286182"
"WA","PA","f","67","0.000286182"
"WA","PA","f","68","0.000286182"
"WA","PA","f","69","0.000286182"
"WA","PA","f","70","0"
"WA","PA","f","71","0"
"WA","PA","f","72","0"
"WA","PA","f","73","0"
"WA","PA","f","74","0"
"WA","PA","f","75","0"
"WA","PA","f","76","0"
"WA","PA","f","77","0"
"WA","PA","f","78","0"
"WA","PA","f","79","0"
"WA","PA","f","80","0.000236303"
"WA","PA","f","81","0.000236303"
"WA","PA","f","82","0.000236303"
"WA","PA","f","83","0.000236303"
"WA","PA","f","84","0.000236303"
"WA","PA","f","85","0"
"WA","PA","f","86","0"
"WA","PA","f","87","0"
"WA","PA","f","88","0"
"WA","PA","f","89","0"
"WA","PA","f","90","0"
"WA","PA","f","91","0"
"WA","PA","f","92","0"
"WA","PA","f","93","0"
"WA","PA","f","94","0"
"WA","PA","f","95","0"
"WA","PA","f","96","0"
"WA","PA","f","97","0"
"WA","PA","f","98","0"
"WA","PA","f","99","0"
"WA","PA","f","100","0"
"WA","RI","m","0","0.0000750167"
"WA","RI","m","1","0.0000750167"
"WA","RI","m","2","0.0000750167"
"WA","RI","m","3","0.0000750167"
"WA","RI","m","4","0.0000750167"
"WA","RI","m","5","0"
"WA","RI","m","6","0"
"WA","RI","m","7","0"
"WA","RI","m","8","0"
"WA","RI","m","9","0"
"WA","RI","m","10","0"
"WA","RI","m","11","0"
"WA","RI","m","12","0"
"WA","RI","m","13","0"
"WA","RI","m","14","0"
"WA","RI","m","15","0.0000129"
"WA","RI","m","16","0.0000129"
"WA","RI","m","17","0.0000129"
"WA","RI","m","18","0.0000129"
"WA","RI","m","19","0.0000129"
"WA","RI","m","20","0.0000694634"
"WA","RI","m","21","0.0000694634"
"WA","RI","m","22","0.0000694634"
"WA","RI","m","23","0.0000694634"
"WA","RI","m","24","0.0000694634"
"WA","RI","m","25","0.000254776"
"WA","RI","m","26","0.000254776"
"WA","RI","m","27","0.000254776"
"WA","RI","m","28","0.000254776"
"WA","RI","m","29","0.000254776"
"WA","RI","m","30","0"
"WA","RI","m","31","0"
"WA","RI","m","32","0"
"WA","RI","m","33","0"
"WA","RI","m","34","0"
"WA","RI","m","35","0.0000174"
"WA","RI","m","36","0.0000174"
"WA","RI","m","37","0.0000174"
"WA","RI","m","38","0.0000174"
"WA","RI","m","39","0.0000174"
"WA","RI","m","40","0"
"WA","RI","m","41","0"
"WA","RI","m","42","0"
"WA","RI","m","43","0"
"WA","RI","m","44","0"
"WA","RI","m","45","0"
"WA","RI","m","46","0"
"WA","RI","m","47","0"
"WA","RI","m","48","0"
"WA","RI","m","49","0"
"WA","RI","m","50","0.0000138"
"WA","RI","m","51","0.0000138"
"WA","RI","m","52","0.0000138"
"WA","RI","m","53","0.0000138"
"WA","RI","m","54","0.0000138"
"WA","RI","m","55","0"
"WA","RI","m","56","0"
"WA","RI","m","57","0"
"WA","RI","m","58","0"
"WA","RI","m","59","0"
"WA","RI","m","60","0"
"WA","RI","m","61","0"
"WA","RI","m","62","0"
"WA","RI","m","63","0"
"WA","RI","m","64","0"
"WA","RI","m","65","0"
"WA","RI","m","66","0"
"WA","RI","m","67","0"
"WA","RI","m","68","0"
"WA","RI","m","69","0"
"WA","RI","m","70","0"
"WA","RI","m","71","0"
"WA","RI","m","72","0"
"WA","RI","m","73","0"
"WA","RI","m","74","0"
"WA","RI","m","75","0"
"WA","RI","m","76","0"
"WA","RI","m","77","0"
"WA","RI","m","78","0"
"WA","RI","m","79","0"
"WA","RI","m","80","0"
"WA","RI","m","81","0"
"WA","RI","m","82","0"
"WA","RI","m","83","0"
"WA","RI","m","84","0"
"WA","RI","m","85","0"
"WA","RI","m","86","0"
"WA","RI","m","87","0"
"WA","RI","m","88","0"
"WA","RI","m","89","0"
"WA","RI","m","90","0"
"WA","RI","m","91","0"
"WA","RI","m","92","0"
"WA","RI","m","93","0"
"WA","RI","m","94","0"
"WA","RI","m","95","0"
"WA","RI","m","96","0"
"WA","RI","m","97","0"
"WA","RI","m","98","0"
"WA","RI","m","99","0"
"WA","RI","m","100","0"
"WA","RI","f","0","0"
"WA","RI","f","1","0"
"WA","RI","f","2","0"
"WA","RI","f","3","0"
"WA","RI","f","4","0"
"WA","RI","f","5","0"
"WA","RI","f","6","0"
"WA","RI","f","7","0"
"WA","RI","f","8","0"
"WA","RI","f","9","0"
"WA","RI","f","10","0"
"WA","RI","f","11","0"
"WA","RI","f","12","0"
"WA","RI","f","13","0"
"WA","RI","f","14","0"
"WA","RI","f","15","0.000101614"
"WA","RI","f","16","0.000101614"
"WA","RI","f","17","0.000101614"
"WA","RI","f","18","0.000101614"
"WA","RI","f","19","0.000101614"
"WA","RI","f","20","0.0000720074"
"WA","RI","f","21","0.0000720074"
"WA","RI","f","22","0.0000720074"
"WA","RI","f","23","0.0000720074"
"WA","RI","f","24","0.0000720074"
"WA","RI","f","25","0.000164659"
"WA","RI","f","26","0.000164659"
"WA","RI","f","27","0.000164659"
"WA","RI","f","28","0.000164659"
"WA","RI","f","29","0.000164659"
"WA","RI","f","30","0.0000177"
"WA","RI","f","31","0.0000177"
"WA","RI","f","32","0.0000177"
"WA","RI","f","33","0.0000177"
"WA","RI","f","34","0.0000177"
"WA","RI","f","35","0"
"WA","RI","f","36","0"
"WA","RI","f","37","0"
"WA","RI","f","38","0"
"WA","RI","f","39","0"
"WA","RI","f","40","0.0000841754"
"WA","RI","f","41","0.0000841754"
"WA","RI","f","42","0.0000841754"
"WA","RI","f","43","0.0000841754"
"WA","RI","f","44","0.0000841754"
"WA","RI","f","45","0"
"WA","RI","f","46","0"
"WA","RI","f","47","0"
"WA","RI","f","48","0"
"WA","RI","f","49","0"
"WA","RI","f","50","0.0000122"
"WA","RI","f","51","0.0000122"
"WA","RI","f","52","0.0000122"
"WA","RI","f","53","0.0000122"
"WA","RI","f","54","0.0000122"
"WA","RI","f","55","0"
"WA","RI","f","56","0"
"WA","RI","f","57","0"
"WA","RI","f","58","0"
"WA","RI","f","59","0"
"WA","RI","f","60","0.0000184"
"WA","RI","f","61","0.0000184"
"WA","RI","f","62","0.0000184"
"WA","RI","f","63","0.0000184"
"WA","RI","f","64","0.0000184"
"WA","RI","f","65","0"
"WA","RI","f","66","0"
"WA","RI","f","67","0"
"WA","RI","f","68","0"
"WA","RI","f","69","0"
"WA","RI","f","70","0"
"WA","RI","f","71","0"
"WA","RI","f","72","0"
"WA","RI","f","73","0"
"WA","RI","f","74","0"
"WA","RI","f","75","0"
"WA","RI","f","76","0"
"WA","RI","f","77","0"
"WA","RI","f","78","0"
"WA","RI","f","79","0"
"WA","RI","f","80","0"
"WA","RI","f","81","0"
"WA","RI","f","82","0"
"WA","RI","f","83","0"
"WA","RI","f","84","0"
"WA","RI","f","85","0"
"WA","RI","f","86","0"
"WA","RI","f","87","0"
"WA","RI","f","88","0"
"WA","RI","f","89","0"
"WA","RI","f","90","0"
"WA","RI","f","91","0"
"WA","RI","f","92","0"
"WA","RI","f","93","0"
"WA","RI","f","94","0"
"WA","RI","f","95","0"
"WA","RI","f","96","0"
"WA","RI","f","97","0"
"WA","RI","f","98","0"
"WA","RI","f","99","0"
"WA","RI","f","100","0"
"WA","SC","m","0","0.000145532"
"WA","SC","m","1","0.000145532"
"WA","SC","m","2","0.000145532"
"WA","SC","m","3","0.000145532"
"WA","SC","m","4","0.000145532"
"WA","SC","m","5","0.000166734"
"WA","SC","m","6","0.000166734"
"WA","SC","m","7","0.000166734"
"WA","SC","m","8","0.000166734"
"WA","SC","m","9","0.000166734"
"WA","SC","m","10","0.000231361"
"WA","SC","m","11","0.000231361"
"WA","SC","m","12","0.000231361"
"WA","SC","m","13","0.000231361"
"WA","SC","m","14","0.000231361"
"WA","SC","m","15","0.000449222"
"WA","SC","m","16","0.000449222"
"WA","SC","m","17","0.000449222"
"WA","SC","m","18","0.000449222"
"WA","SC","m","19","0.000449222"
"WA","SC","m","20","0.000473986"
"WA","SC","m","21","0.000473986"
"WA","SC","m","22","0.000473986"
"WA","SC","m","23","0.000473986"
"WA","SC","m","24","0.000473986"
"WA","SC","m","25","0.000239948"
"WA","SC","m","26","0.000239948"
"WA","SC","m","27","0.000239948"
"WA","SC","m","28","0.000239948"
"WA","SC","m","29","0.000239948"
"WA","SC","m","30","0.0000654"
"WA","SC","m","31","0.0000654"
"WA","SC","m","32","0.0000654"
"WA","SC","m","33","0.0000654"
"WA","SC","m","34","0.0000654"
"WA","SC","m","35","0.000237283"
"WA","SC","m","36","0.000237283"
"WA","SC","m","37","0.000237283"
"WA","SC","m","38","0.000237283"
"WA","SC","m","39","0.000237283"
"WA","SC","m","40","0.0000127"
"WA","SC","m","41","0.0000127"
"WA","SC","m","42","0.0000127"
"WA","SC","m","43","0.0000127"
"WA","SC","m","44","0.0000127"
"WA","SC","m","45","0.000112812"
"WA","SC","m","46","0.000112812"
"WA","SC","m","47","0.000112812"
"WA","SC","m","48","0.000112812"
"WA","SC","m","49","0.000112812"
"WA","SC","m","50","0.000288198"
"WA","SC","m","51","0.000288198"
"WA","SC","m","52","0.000288198"
"WA","SC","m","53","0.000288198"
"WA","SC","m","54","0.000288198"
"WA","SC","m","55","0.000171965"
"WA","SC","m","56","0.000171965"
"WA","SC","m","57","0.000171965"
"WA","SC","m","58","0.000171965"
"WA","SC","m","59","0.000171965"
"WA","SC","m","60","0.0000212"
"WA","SC","m","61","0.0000212"
"WA","SC","m","62","0.0000212"
"WA","SC","m","63","0.0000212"
"WA","SC","m","64","0.0000212"
"WA","SC","m","65","0.000075564"
"WA","SC","m","66","0.000075564"
"WA","SC","m","67","0.000075564"
"WA","SC","m","68","0.000075564"
"WA","SC","m","69","0.000075564"
"WA","SC","m","70","0.0000587"
"WA","SC","m","71","0.0000587"
"WA","SC","m","72","0.0000587"
"WA","SC","m","73","0.0000587"
"WA","SC","m","74","0.0000587"
"WA","SC","m","75","0"
"WA","SC","m","76","0"
"WA","SC","m","77","0"
"WA","SC","m","78","0"
"WA","SC","m","79","0"
"WA","SC","m","80","0"
"WA","SC","m","81","0"
"WA","SC","m","82","0"
"WA","SC","m","83","0"
"WA","SC","m","84","0"
"WA","SC","m","85","0"
"WA","SC","m","86","0"
"WA","SC","m","87","0"
"WA","SC","m","88","0"
"WA","SC","m","89","0"
"WA","SC","m","90","0"
"WA","SC","m","91","0"
"WA","SC","m","92","0"
"WA","SC","m","93","0"
"WA","SC","m","94","0"
"WA","SC","m","95","0"
"WA","SC","m","96","0"
"WA","SC","m","97","0"
"WA","SC","m","98","0"
"WA","SC","m","99","0"
"WA","SC","m","100","0"
"WA","SC","f","0","0.000175585"
"WA","SC","f","1","0.000175585"
"WA","SC","f","2","0.000175585"
"WA","SC","f","3","0.000175585"
"WA","SC","f","4","0.000175585"
"WA","SC","f","5","0.000124261"
"WA","SC","f","6","0.000124261"
"WA","SC","f","7","0.000124261"
"WA","SC","f","8","0.000124261"
"WA","SC","f","9","0.000124261"
"WA","SC","f","10","0.000131385"
"WA","SC","f","11","0.000131385"
"WA","SC","f","12","0.000131385"
"WA","SC","f","13","0.000131385"
"WA","SC","f","14","0.000131385"
"WA","SC","f","15","0.0000849315"
"WA","SC","f","16","0.0000849315"
"WA","SC","f","17","0.0000849315"
"WA","SC","f","18","0.0000849315"
"WA","SC","f","19","0.0000849315"
"WA","SC","f","20","0.000531973"
"WA","SC","f","21","0.000531973"
"WA","SC","f","22","0.000531973"
"WA","SC","f","23","0.000531973"
"WA","SC","f","24","0.000531973"
"WA","SC","f","25","0.000282876"
"WA","SC","f","26","0.000282876"
"WA","SC","f","27","0.000282876"
"WA","SC","f","28","0.000282876"
"WA","SC","f","29","0.000282876"
"WA","SC","f","30","0.000101943"
"WA","SC","f","31","0.000101943"
"WA","SC","f","32","0.000101943"
"WA","SC","f","33","0.000101943"
"WA","SC","f","34","0.000101943"
"WA","SC","f","35","0.00029253"
"WA","SC","f","36","0.00029253"
"WA","SC","f","37","0.00029253"
"WA","SC","f","38","0.00029253"
"WA","SC","f","39","0.00029253"
"WA","SC","f","40","0.000101591"
"WA","SC","f","41","0.000101591"
"WA","SC","f","42","0.000101591"
"WA","SC","f","43","0.000101591"
"WA","SC","f","44","0.000101591"
"WA","SC","f","45","0.0000964181"
"WA","SC","f","46","0.0000964181"
"WA","SC","f","47","0.0000964181"
"WA","SC","f","48","0.0000964181"
"WA","SC","f","49","0.0000964181"
"WA","SC","f","50","0.000198204"
"WA","SC","f","51","0.000198204"
"WA","SC","f","52","0.000198204"
"WA","SC","f","53","0.000198204"
"WA","SC","f","54","0.000198204"
"WA","SC","f","55","0.000114364"
"WA","SC","f","56","0.000114364"
"WA","SC","f","57","0.000114364"
"WA","SC","f","58","0.000114364"
"WA","SC","f","59","0.000114364"
"WA","SC","f","60","0.0000486"
"WA","SC","f","61","0.0000486"
"WA","SC","f","62","0.0000486"
"WA","SC","f","63","0.0000486"
"WA","SC","f","64","0.0000486"
"WA","SC","f","65","0.0000338"
"WA","SC","f","66","0.0000338"
"WA","SC","f","67","0.0000338"
"WA","SC","f","68","0.0000338"
"WA","SC","f","69","0.0000338"
"WA","SC","f","70","0"
"WA","SC","f","71","0"
"WA","SC","f","72","0"
"WA","SC","f","73","0"
"WA","SC","f","74","0"
"WA","SC","f","75","0.0000865571"
"WA","SC","f","76","0.0000865571"
"WA","SC","f","77","0.0000865571"
"WA","SC","f","78","0.0000865571"
"WA","SC","f","79","0.0000865571"
"WA","SC","f","80","0"
"WA","SC","f","81","0"
"WA","SC","f","82","0"
"WA","SC","f","83","0"
"WA","SC","f","84","0"
"WA","SC","f","85","0"
"WA","SC","f","86","0"
"WA","SC","f","87","0"
"WA","SC","f","88","0"
"WA","SC","f","89","0"
"WA","SC","f","90","0"
"WA","SC","f","91","0"
"WA","SC","f","92","0"
"WA","SC","f","93","0"
"WA","SC","f","94","0"
"WA","SC","f","95","0"
"WA","SC","f","96","0"
"WA","SC","f","97","0"
"WA","SC","f","98","0"
"WA","SC","f","99","0"
"WA","SC","f","100","0"
"WA","SD","m","0","0.000220549"
"WA","SD","m","1","0.000220549"
"WA","SD","m","2","0.000220549"
"WA","SD","m","3","0.000220549"
"WA","SD","m","4","0.000220549"
"WA","SD","m","5","0.000108152"
"WA","SD","m","6","0.000108152"
"WA","SD","m","7","0.000108152"
"WA","SD","m","8","0.000108152"
"WA","SD","m","9","0.000108152"
"WA","SD","m","10","0.0000586"
"WA","SD","m","11","0.0000586"
"WA","SD","m","12","0.0000586"
"WA","SD","m","13","0.0000586"
"WA","SD","m","14","0.0000586"
"WA","SD","m","15","0"
"WA","SD","m","16","0"
"WA","SD","m","17","0"
"WA","SD","m","18","0"
"WA","SD","m","19","0"
"WA","SD","m","20","0.00028194"
"WA","SD","m","21","0.00028194"
"WA","SD","m","22","0.00028194"
"WA","SD","m","23","0.00028194"
"WA","SD","m","24","0.00028194"
"WA","SD","m","25","0.0000700971"
"WA","SD","m","26","0.0000700971"
"WA","SD","m","27","0.0000700971"
"WA","SD","m","28","0.0000700971"
"WA","SD","m","29","0.0000700971"
"WA","SD","m","30","0.0000384"
"WA","SD","m","31","0.0000384"
"WA","SD","m","32","0.0000384"
"WA","SD","m","33","0.0000384"
"WA","SD","m","34","0.0000384"
"WA","SD","m","35","0.0000318"
"WA","SD","m","36","0.0000318"
"WA","SD","m","37","0.0000318"
"WA","SD","m","38","0.0000318"
"WA","SD","m","39","0.0000318"
"WA","SD","m","40","0.000105679"
"WA","SD","m","41","0.000105679"
"WA","SD","m","42","0.000105679"
"WA","SD","m","43","0.000105679"
"WA","SD","m","44","0.000105679"
"WA","SD","m","45","0.000111419"
"WA","SD","m","46","0.000111419"
"WA","SD","m","47","0.000111419"
"WA","SD","m","48","0.000111419"
"WA","SD","m","49","0.000111419"
"WA","SD","m","50","0.0000234"
"WA","SD","m","51","0.0000234"
"WA","SD","m","52","0.0000234"
"WA","SD","m","53","0.0000234"
"WA","SD","m","54","0.0000234"
"WA","SD","m","55","0.0000377"
"WA","SD","m","56","0.0000377"
"WA","SD","m","57","0.0000377"
"WA","SD","m","58","0.0000377"
"WA","SD","m","59","0.0000377"
"WA","SD","m","60","0.0000194"
"WA","SD","m","61","0.0000194"
"WA","SD","m","62","0.0000194"
"WA","SD","m","63","0.0000194"
"WA","SD","m","64","0.0000194"
"WA","SD","m","65","0.0000122"
"WA","SD","m","66","0.0000122"
"WA","SD","m","67","0.0000122"
"WA","SD","m","68","0.0000122"
"WA","SD","m","69","0.0000122"
"WA","SD","m","70","0.000106975"
"WA","SD","m","71","0.000106975"
"WA","SD","m","72","0.000106975"
"WA","SD","m","73","0.000106975"
"WA","SD","m","74","0.000106975"
"WA","SD","m","75","0"
"WA","SD","m","76","0"
"WA","SD","m","77","0"
"WA","SD","m","78","0"
"WA","SD","m","79","0"
"WA","SD","m","80","0"
"WA","SD","m","81","0"
"WA","SD","m","82","0"
"WA","SD","m","83","0"
"WA","SD","m","84","0"
"WA","SD","m","85","0"
"WA","SD","m","86","0"
"WA","SD","m","87","0"
"WA","SD","m","88","0"
"WA","SD","m","89","0"
"WA","SD","m","90","0"
"WA","SD","m","91","0"
"WA","SD","m","92","0"
"WA","SD","m","93","0"
"WA","SD","m","94","0"
"WA","SD","m","95","0"
"WA","SD","m","96","0"
"WA","SD","m","97","0"
"WA","SD","m","98","0"
"WA","SD","m","99","0"
"WA","SD","m","100","0"
"WA","SD","f","0","0"
"WA","SD","f","1","0"
"WA","SD","f","2","0"
"WA","SD","f","3","0"
"WA","SD","f","4","0"
"WA","SD","f","5","0.000238963"
"WA","SD","f","6","0.000238963"
"WA","SD","f","7","0.000238963"
"WA","SD","f","8","0.000238963"
"WA","SD","f","9","0.000238963"
"WA","SD","f","10","0.000170028"
"WA","SD","f","11","0.000170028"
"WA","SD","f","12","0.000170028"
"WA","SD","f","13","0.000170028"
"WA","SD","f","14","0.000170028"
"WA","SD","f","15","0.000118297"
"WA","SD","f","16","0.000118297"
"WA","SD","f","17","0.000118297"
"WA","SD","f","18","0.000118297"
"WA","SD","f","19","0.000118297"
"WA","SD","f","20","0.0000426"
"WA","SD","f","21","0.0000426"
"WA","SD","f","22","0.0000426"
"WA","SD","f","23","0.0000426"
"WA","SD","f","24","0.0000426"
"WA","SD","f","25","0.000173103"
"WA","SD","f","26","0.000173103"
"WA","SD","f","27","0.000173103"
"WA","SD","f","28","0.000173103"
"WA","SD","f","29","0.000173103"
"WA","SD","f","30","0.0000251"
"WA","SD","f","31","0.0000251"
"WA","SD","f","32","0.0000251"
"WA","SD","f","33","0.0000251"
"WA","SD","f","34","0.0000251"
"WA","SD","f","35","0.000130013"
"WA","SD","f","36","0.000130013"
"WA","SD","f","37","0.000130013"
"WA","SD","f","38","0.000130013"
"WA","SD","f","39","0.000130013"
"WA","SD","f","40","0.0000914319"
"WA","SD","f","41","0.0000914319"
"WA","SD","f","42","0.0000914319"
"WA","SD","f","43","0.0000914319"
"WA","SD","f","44","0.0000914319"
"WA","SD","f","45","0"
"WA","SD","f","46","0"
"WA","SD","f","47","0"
"WA","SD","f","48","0"
"WA","SD","f","49","0"
"WA","SD","f","50","0"
"WA","SD","f","51","0"
"WA","SD","f","52","0"
"WA","SD","f","53","0"
"WA","SD","f","54","0"
"WA","SD","f","55","0.0000521"
"WA","SD","f","56","0.0000521"
"WA","SD","f","57","0.0000521"
"WA","SD","f","58","0.0000521"
"WA","SD","f","59","0.0000521"
"WA","SD","f","60","0.0000369"
"WA","SD","f","61","0.0000369"
"WA","SD","f","62","0.0000369"
"WA","SD","f","63","0.0000369"
"WA","SD","f","64","0.0000369"
"WA","SD","f","65","0"
"WA","SD","f","66","0"
"WA","SD","f","67","0"
"WA","SD","f","68","0"
"WA","SD","f","69","0"
"WA","SD","f","70","0.0000988155"
"WA","SD","f","71","0.0000988155"
"WA","SD","f","72","0.0000988155"
"WA","SD","f","73","0.0000988155"
"WA","SD","f","74","0.0000988155"
"WA","SD","f","75","0"
"WA","SD","f","76","0"
"WA","SD","f","77","0"
"WA","SD","f","78","0"
"WA","SD","f","79","0"
"WA","SD","f","80","0"
"WA","SD","f","81","0"
"WA","SD","f","82","0"
"WA","SD","f","83","0"
"WA","SD","f","84","0"
"WA","SD","f","85","0"
"WA","SD","f","86","0"
"WA","SD","f","87","0"
"WA","SD","f","88","0"
"WA","SD","f","89","0"
"WA","SD","f","90","0"
"WA","SD","f","91","0"
"WA","SD","f","92","0"
"WA","SD","f","93","0"
"WA","SD","f","94","0"
"WA","SD","f","95","0"
"WA","SD","f","96","0"
"WA","SD","f","97","0"
"WA","SD","f","98","0"
"WA","SD","f","99","0"
"WA","SD","f","100","0"
"WA","TN","m","0","0.00018154"
"WA","TN","m","1","0.00018154"
"WA","TN","m","2","0.00018154"
"WA","TN","m","3","0.00018154"
"WA","TN","m","4","0.00018154"
"WA","TN","m","5","0.000186262"
"WA","TN","m","6","0.000186262"
"WA","TN","m","7","0.000186262"
"WA","TN","m","8","0.000186262"
"WA","TN","m","9","0.000186262"
"WA","TN","m","10","0.0000376"
"WA","TN","m","11","0.0000376"
"WA","TN","m","12","0.0000376"
"WA","TN","m","13","0.0000376"
"WA","TN","m","14","0.0000376"
"WA","TN","m","15","0.000109076"
"WA","TN","m","16","0.000109076"
"WA","TN","m","17","0.000109076"
"WA","TN","m","18","0.000109076"
"WA","TN","m","19","0.000109076"
"WA","TN","m","20","0.000205666"
"WA","TN","m","21","0.000205666"
"WA","TN","m","22","0.000205666"
"WA","TN","m","23","0.000205666"
"WA","TN","m","24","0.000205666"
"WA","TN","m","25","0.000365314"
"WA","TN","m","26","0.000365314"
"WA","TN","m","27","0.000365314"
"WA","TN","m","28","0.000365314"
"WA","TN","m","29","0.000365314"
"WA","TN","m","30","0.000125133"
"WA","TN","m","31","0.000125133"
"WA","TN","m","32","0.000125133"
"WA","TN","m","33","0.000125133"
"WA","TN","m","34","0.000125133"
"WA","TN","m","35","0.000390648"
"WA","TN","m","36","0.000390648"
"WA","TN","m","37","0.000390648"
"WA","TN","m","38","0.000390648"
"WA","TN","m","39","0.000390648"
"WA","TN","m","40","0.000153587"
"WA","TN","m","41","0.000153587"
"WA","TN","m","42","0.000153587"
"WA","TN","m","43","0.000153587"
"WA","TN","m","44","0.000153587"
"WA","TN","m","45","0.000210303"
"WA","TN","m","46","0.000210303"
"WA","TN","m","47","0.000210303"
"WA","TN","m","48","0.000210303"
"WA","TN","m","49","0.000210303"
"WA","TN","m","50","0.0000538"
"WA","TN","m","51","0.0000538"
"WA","TN","m","52","0.0000538"
"WA","TN","m","53","0.0000538"
"WA","TN","m","54","0.0000538"
"WA","TN","m","55","0.00009805"
"WA","TN","m","56","0.00009805"
"WA","TN","m","57","0.00009805"
"WA","TN","m","58","0.00009805"
"WA","TN","m","59","0.00009805"
"WA","TN","m","60","0"
"WA","TN","m","61","0"
"WA","TN","m","62","0"
"WA","TN","m","63","0"
"WA","TN","m","64","0"
"WA","TN","m","65","0.000131628"
"WA","TN","m","66","0.000131628"
"WA","TN","m","67","0.000131628"
"WA","TN","m","68","0.000131628"
"WA","TN","m","69","0.000131628"
"WA","TN","m","70","0.0000793684"
"WA","TN","m","71","0.0000793684"
"WA","TN","m","72","0.0000793684"
"WA","TN","m","73","0.0000793684"
"WA","TN","m","74","0.0000793684"
"WA","TN","m","75","0"
"WA","TN","m","76","0"
"WA","TN","m","77","0"
"WA","TN","m","78","0"
"WA","TN","m","79","0"
"WA","TN","m","80","0"
"WA","TN","m","81","0"
"WA","TN","m","82","0"
"WA","TN","m","83","0"
"WA","TN","m","84","0"
"WA","TN","m","85","0"
"WA","TN","m","86","0"
"WA","TN","m","87","0"
"WA","TN","m","88","0"
"WA","TN","m","89","0"
"WA","TN","m","90","0"
"WA","TN","m","91","0"
"WA","TN","m","92","0"
"WA","TN","m","93","0"
"WA","TN","m","94","0"
"WA","TN","m","95","0"
"WA","TN","m","96","0"
"WA","TN","m","97","0"
"WA","TN","m","98","0"
"WA","TN","m","99","0"
"WA","TN","m","100","0"
"WA","TN","f","0","0.000219481"
"WA","TN","f","1","0.000219481"
"WA","TN","f","2","0.000219481"
"WA","TN","f","3","0.000219481"
"WA","TN","f","4","0.000219481"
"WA","TN","f","5","0.0000621"
"WA","TN","f","6","0.0000621"
"WA","TN","f","7","0.0000621"
"WA","TN","f","8","0.0000621"
"WA","TN","f","9","0.0000621"
"WA","TN","f","10","0.000125202"
"WA","TN","f","11","0.000125202"
"WA","TN","f","12","0.000125202"
"WA","TN","f","13","0.000125202"
"WA","TN","f","14","0.000125202"
"WA","TN","f","15","0.000244178"
"WA","TN","f","16","0.000244178"
"WA","TN","f","17","0.000244178"
"WA","TN","f","18","0.000244178"
"WA","TN","f","19","0.000244178"
"WA","TN","f","20","0.000226309"
"WA","TN","f","21","0.000226309"
"WA","TN","f","22","0.000226309"
"WA","TN","f","23","0.000226309"
"WA","TN","f","24","0.000226309"
"WA","TN","f","25","0.000375761"
"WA","TN","f","26","0.000375761"
"WA","TN","f","27","0.000375761"
"WA","TN","f","28","0.000375761"
"WA","TN","f","29","0.000375761"
"WA","TN","f","30","0.000113762"
"WA","TN","f","31","0.000113762"
"WA","TN","f","32","0.000113762"
"WA","TN","f","33","0.000113762"
"WA","TN","f","34","0.000113762"
"WA","TN","f","35","0.000190588"
"WA","TN","f","36","0.000190588"
"WA","TN","f","37","0.000190588"
"WA","TN","f","38","0.000190588"
"WA","TN","f","39","0.000190588"
"WA","TN","f","40","0.000155289"
"WA","TN","f","41","0.000155289"
"WA","TN","f","42","0.000155289"
"WA","TN","f","43","0.000155289"
"WA","TN","f","44","0.000155289"
"WA","TN","f","45","0.000131352"
"WA","TN","f","46","0.000131352"
"WA","TN","f","47","0.000131352"
"WA","TN","f","48","0.000131352"
"WA","TN","f","49","0.000131352"
"WA","TN","f","50","0.000187344"
"WA","TN","f","51","0.000187344"
"WA","TN","f","52","0.000187344"
"WA","TN","f","53","0.000187344"
"WA","TN","f","54","0.000187344"
"WA","TN","f","55","0"
"WA","TN","f","56","0"
"WA","TN","f","57","0"
"WA","TN","f","58","0"
"WA","TN","f","59","0"
"WA","TN","f","60","0.000125793"
"WA","TN","f","61","0.000125793"
"WA","TN","f","62","0.000125793"
"WA","TN","f","63","0.000125793"
"WA","TN","f","64","0.000125793"
"WA","TN","f","65","0.0000406"
"WA","TN","f","66","0.0000406"
"WA","TN","f","67","0.0000406"
"WA","TN","f","68","0.0000406"
"WA","TN","f","69","0.0000406"
"WA","TN","f","70","0"
"WA","TN","f","71","0"
"WA","TN","f","72","0"
"WA","TN","f","73","0"
"WA","TN","f","74","0"
"WA","TN","f","75","0"
"WA","TN","f","76","0"
"WA","TN","f","77","0"
"WA","TN","f","78","0"
"WA","TN","f","79","0"
"WA","TN","f","80","0"
"WA","TN","f","81","0"
"WA","TN","f","82","0"
"WA","TN","f","83","0"
"WA","TN","f","84","0"
"WA","TN","f","85","0.000181446"
"WA","TN","f","86","0.000181446"
"WA","TN","f","87","0.000181446"
"WA","TN","f","88","0.000181446"
"WA","TN","f","89","0.000181446"
"WA","TN","f","90","0"
"WA","TN","f","91","0"
"WA","TN","f","92","0"
"WA","TN","f","93","0"
"WA","TN","f","94","0"
"WA","TN","f","95","0"
"WA","TN","f","96","0"
"WA","TN","f","97","0"
"WA","TN","f","98","0"
"WA","TN","f","99","0"
"WA","TN","f","100","0"
"WA","TX","m","0","0.001281285"
"WA","TX","m","1","0.001281285"
"WA","TX","m","2","0.001281285"
"WA","TX","m","3","0.001281285"
"WA","TX","m","4","0.001281285"
"WA","TX","m","5","0.001055985"
"WA","TX","m","6","0.001055985"
"WA","TX","m","7","0.001055985"
"WA","TX","m","8","0.001055985"
"WA","TX","m","9","0.001055985"
"WA","TX","m","10","0.001053141"
"WA","TX","m","11","0.001053141"
"WA","TX","m","12","0.001053141"
"WA","TX","m","13","0.001053141"
"WA","TX","m","14","0.001053141"
"WA","TX","m","15","0.000826683"
"WA","TX","m","16","0.000826683"
"WA","TX","m","17","0.000826683"
"WA","TX","m","18","0.000826683"
"WA","TX","m","19","0.000826683"
"WA","TX","m","20","0.002664127"
"WA","TX","m","21","0.002664127"
"WA","TX","m","22","0.002664127"
"WA","TX","m","23","0.002664127"
"WA","TX","m","24","0.002664127"
"WA","TX","m","25","0.002702783"
"WA","TX","m","26","0.002702783"
"WA","TX","m","27","0.002702783"
"WA","TX","m","28","0.002702783"
"WA","TX","m","29","0.002702783"
"WA","TX","m","30","0.002135788"
"WA","TX","m","31","0.002135788"
"WA","TX","m","32","0.002135788"
"WA","TX","m","33","0.002135788"
"WA","TX","m","34","0.002135788"
"WA","TX","m","35","0.001101049"
"WA","TX","m","36","0.001101049"
"WA","TX","m","37","0.001101049"
"WA","TX","m","38","0.001101049"
"WA","TX","m","39","0.001101049"
"WA","TX","m","40","0.001070883"
"WA","TX","m","41","0.001070883"
"WA","TX","m","42","0.001070883"
"WA","TX","m","43","0.001070883"
"WA","TX","m","44","0.001070883"
"WA","TX","m","45","0.000591913"
"WA","TX","m","46","0.000591913"
"WA","TX","m","47","0.000591913"
"WA","TX","m","48","0.000591913"
"WA","TX","m","49","0.000591913"
"WA","TX","m","50","0.000580533"
"WA","TX","m","51","0.000580533"
"WA","TX","m","52","0.000580533"
"WA","TX","m","53","0.000580533"
"WA","TX","m","54","0.000580533"
"WA","TX","m","55","0.000360522"
"WA","TX","m","56","0.000360522"
"WA","TX","m","57","0.000360522"
"WA","TX","m","58","0.000360522"
"WA","TX","m","59","0.000360522"
"WA","TX","m","60","0.000609433"
"WA","TX","m","61","0.000609433"
"WA","TX","m","62","0.000609433"
"WA","TX","m","63","0.000609433"
"WA","TX","m","64","0.000609433"
"WA","TX","m","65","0.000443634"
"WA","TX","m","66","0.000443634"
"WA","TX","m","67","0.000443634"
"WA","TX","m","68","0.000443634"
"WA","TX","m","69","0.000443634"
"WA","TX","m","70","0.000735021"
"WA","TX","m","71","0.000735021"
"WA","TX","m","72","0.000735021"
"WA","TX","m","73","0.000735021"
"WA","TX","m","74","0.000735021"
"WA","TX","m","75","0.000659316"
"WA","TX","m","76","0.000659316"
"WA","TX","m","77","0.000659316"
"WA","TX","m","78","0.000659316"
"WA","TX","m","79","0.000659316"
"WA","TX","m","80","0.00023025"
"WA","TX","m","81","0.00023025"
"WA","TX","m","82","0.00023025"
"WA","TX","m","83","0.00023025"
"WA","TX","m","84","0.00023025"
"WA","TX","m","85","0"
"WA","TX","m","86","0"
"WA","TX","m","87","0"
"WA","TX","m","88","0"
"WA","TX","m","89","0"
"WA","TX","m","90","0"
"WA","TX","m","91","0"
"WA","TX","m","92","0"
"WA","TX","m","93","0"
"WA","TX","m","94","0"
"WA","TX","m","95","0"
"WA","TX","m","96","0"
"WA","TX","m","97","0"
"WA","TX","m","98","0"
"WA","TX","m","99","0"
"WA","TX","m","100","0"
"WA","TX","f","0","0.000890465"
"WA","TX","f","1","0.000890465"
"WA","TX","f","2","0.000890465"
"WA","TX","f","3","0.000890465"
"WA","TX","f","4","0.000890465"
"WA","TX","f","5","0.001065776"
"WA","TX","f","6","0.001065776"
"WA","TX","f","7","0.001065776"
"WA","TX","f","8","0.001065776"
"WA","TX","f","9","0.001065776"
"WA","TX","f","10","0.000972251"
"WA","TX","f","11","0.000972251"
"WA","TX","f","12","0.000972251"
"WA","TX","f","13","0.000972251"
"WA","TX","f","14","0.000972251"
"WA","TX","f","15","0.001110176"
"WA","TX","f","16","0.001110176"
"WA","TX","f","17","0.001110176"
"WA","TX","f","18","0.001110176"
"WA","TX","f","19","0.001110176"
"WA","TX","f","20","0.002039721"
"WA","TX","f","21","0.002039721"
"WA","TX","f","22","0.002039721"
"WA","TX","f","23","0.002039721"
"WA","TX","f","24","0.002039721"
"WA","TX","f","25","0.001905543"
"WA","TX","f","26","0.001905543"
"WA","TX","f","27","0.001905543"
"WA","TX","f","28","0.001905543"
"WA","TX","f","29","0.001905543"
"WA","TX","f","30","0.001619268"
"WA","TX","f","31","0.001619268"
"WA","TX","f","32","0.001619268"
"WA","TX","f","33","0.001619268"
"WA","TX","f","34","0.001619268"
"WA","TX","f","35","0.001071133"
"WA","TX","f","36","0.001071133"
"WA","TX","f","37","0.001071133"
"WA","TX","f","38","0.001071133"
"WA","TX","f","39","0.001071133"
"WA","TX","f","40","0.000760481"
"WA","TX","f","41","0.000760481"
"WA","TX","f","42","0.000760481"
"WA","TX","f","43","0.000760481"
"WA","TX","f","44","0.000760481"
"WA","TX","f","45","0.000610648"
"WA","TX","f","46","0.000610648"
"WA","TX","f","47","0.000610648"
"WA","TX","f","48","0.000610648"
"WA","TX","f","49","0.000610648"
"WA","TX","f","50","0.000507729"
"WA","TX","f","51","0.000507729"
"WA","TX","f","52","0.000507729"
"WA","TX","f","53","0.000507729"
"WA","TX","f","54","0.000507729"
"WA","TX","f","55","0.000691973"
"WA","TX","f","56","0.000691973"
"WA","TX","f","57","0.000691973"
"WA","TX","f","58","0.000691973"
"WA","TX","f","59","0.000691973"
"WA","TX","f","60","0.000526655"
"WA","TX","f","61","0.000526655"
"WA","TX","f","62","0.000526655"
"WA","TX","f","63","0.000526655"
"WA","TX","f","64","0.000526655"
"WA","TX","f","65","0.000448427"
"WA","TX","f","66","0.000448427"
"WA","TX","f","67","0.000448427"
"WA","TX","f","68","0.000448427"
"WA","TX","f","69","0.000448427"
"WA","TX","f","70","0.000204006"
"WA","TX","f","71","0.000204006"
"WA","TX","f","72","0.000204006"
"WA","TX","f","73","0.000204006"
"WA","TX","f","74","0.000204006"
"WA","TX","f","75","0.0000412"
"WA","TX","f","76","0.0000412"
"WA","TX","f","77","0.0000412"
"WA","TX","f","78","0.0000412"
"WA","TX","f","79","0.0000412"
"WA","TX","f","80","0"
"WA","TX","f","81","0"
"WA","TX","f","82","0"
"WA","TX","f","83","0"
"WA","TX","f","84","0"
"WA","TX","f","85","0.000820134"
"WA","TX","f","86","0.000820134"
"WA","TX","f","87","0.000820134"
"WA","TX","f","88","0.000820134"
"WA","TX","f","89","0.000820134"
"WA","TX","f","90","0.0001334"
"WA","TX","f","91","0.0001334"
"WA","TX","f","92","0.0001334"
"WA","TX","f","93","0.0001334"
"WA","TX","f","94","0.0001334"
"WA","TX","f","95","0"
"WA","TX","f","96","0"
"WA","TX","f","97","0"
"WA","TX","f","98","0"
"WA","TX","f","99","0"
"WA","TX","f","100","0"
"WA","UT","m","0","0.000610636"
"WA","UT","m","1","0.000610636"
"WA","UT","m","2","0.000610636"
"WA","UT","m","3","0.000610636"
"WA","UT","m","4","0.000610636"
"WA","UT","m","5","0.000606853"
"WA","UT","m","6","0.000606853"
"WA","UT","m","7","0.000606853"
"WA","UT","m","8","0.000606853"
"WA","UT","m","9","0.000606853"
"WA","UT","m","10","0.000800748"
"WA","UT","m","11","0.000800748"
"WA","UT","m","12","0.000800748"
"WA","UT","m","13","0.000800748"
"WA","UT","m","14","0.000800748"
"WA","UT","m","15","0.000716171"
"WA","UT","m","16","0.000716171"
"WA","UT","m","17","0.000716171"
"WA","UT","m","18","0.000716171"
"WA","UT","m","19","0.000716171"
"WA","UT","m","20","0.001244894"
"WA","UT","m","21","0.001244894"
"WA","UT","m","22","0.001244894"
"WA","UT","m","23","0.001244894"
"WA","UT","m","24","0.001244894"
"WA","UT","m","25","0.000651094"
"WA","UT","m","26","0.000651094"
"WA","UT","m","27","0.000651094"
"WA","UT","m","28","0.000651094"
"WA","UT","m","29","0.000651094"
"WA","UT","m","30","0.000274439"
"WA","UT","m","31","0.000274439"
"WA","UT","m","32","0.000274439"
"WA","UT","m","33","0.000274439"
"WA","UT","m","34","0.000274439"
"WA","UT","m","35","0.000510736"
"WA","UT","m","36","0.000510736"
"WA","UT","m","37","0.000510736"
"WA","UT","m","38","0.000510736"
"WA","UT","m","39","0.000510736"
"WA","UT","m","40","0.000322674"
"WA","UT","m","41","0.000322674"
"WA","UT","m","42","0.000322674"
"WA","UT","m","43","0.000322674"
"WA","UT","m","44","0.000322674"
"WA","UT","m","45","0.00017827"
"WA","UT","m","46","0.00017827"
"WA","UT","m","47","0.00017827"
"WA","UT","m","48","0.00017827"
"WA","UT","m","49","0.00017827"
"WA","UT","m","50","0.000279924"
"WA","UT","m","51","0.000279924"
"WA","UT","m","52","0.000279924"
"WA","UT","m","53","0.000279924"
"WA","UT","m","54","0.000279924"
"WA","UT","m","55","0.0000678808"
"WA","UT","m","56","0.0000678808"
"WA","UT","m","57","0.0000678808"
"WA","UT","m","58","0.0000678808"
"WA","UT","m","59","0.0000678808"
"WA","UT","m","60","0.000203144"
"WA","UT","m","61","0.000203144"
"WA","UT","m","62","0.000203144"
"WA","UT","m","63","0.000203144"
"WA","UT","m","64","0.000203144"
"WA","UT","m","65","0.0000634"
"WA","UT","m","66","0.0000634"
"WA","UT","m","67","0.0000634"
"WA","UT","m","68","0.0000634"
"WA","UT","m","69","0.0000634"
"WA","UT","m","70","0.000069016"
"WA","UT","m","71","0.000069016"
"WA","UT","m","72","0.000069016"
"WA","UT","m","73","0.000069016"
"WA","UT","m","74","0.000069016"
"WA","UT","m","75","0.000312043"
"WA","UT","m","76","0.000312043"
"WA","UT","m","77","0.000312043"
"WA","UT","m","78","0.000312043"
"WA","UT","m","79","0.000312043"
"WA","UT","m","80","0.0000976816"
"WA","UT","m","81","0.0000976816"
"WA","UT","m","82","0.0000976816"
"WA","UT","m","83","0.0000976816"
"WA","UT","m","84","0.0000976816"
"WA","UT","m","85","0"
"WA","UT","m","86","0"
"WA","UT","m","87","0"
"WA","UT","m","88","0"
"WA","UT","m","89","0"
"WA","UT","m","90","0"
"WA","UT","m","91","0"
"WA","UT","m","92","0"
"WA","UT","m","93","0"
"WA","UT","m","94","0"
"WA","UT","m","95","0"
"WA","UT","m","96","0"
"WA","UT","m","97","0"
"WA","UT","m","98","0"
"WA","UT","m","99","0"
"WA","UT","m","100","0"
"WA","UT","f","0","0.000420149"
"WA","UT","f","1","0.000420149"
"WA","UT","f","2","0.000420149"
"WA","UT","f","3","0.000420149"
"WA","UT","f","4","0.000420149"
"WA","UT","f","5","0.000275604"
"WA","UT","f","6","0.000275604"
"WA","UT","f","7","0.000275604"
"WA","UT","f","8","0.000275604"
"WA","UT","f","9","0.000275604"
"WA","UT","f","10","0.00038179"
"WA","UT","f","11","0.00038179"
"WA","UT","f","12","0.00038179"
"WA","UT","f","13","0.00038179"
"WA","UT","f","14","0.00038179"
"WA","UT","f","15","0.001574265"
"WA","UT","f","16","0.001574265"
"WA","UT","f","17","0.001574265"
"WA","UT","f","18","0.001574265"
"WA","UT","f","19","0.001574265"
"WA","UT","f","20","0.001252048"
"WA","UT","f","21","0.001252048"
"WA","UT","f","22","0.001252048"
"WA","UT","f","23","0.001252048"
"WA","UT","f","24","0.001252048"
"WA","UT","f","25","0.000748707"
"WA","UT","f","26","0.000748707"
"WA","UT","f","27","0.000748707"
"WA","UT","f","28","0.000748707"
"WA","UT","f","29","0.000748707"
"WA","UT","f","30","0.000314693"
"WA","UT","f","31","0.000314693"
"WA","UT","f","32","0.000314693"
"WA","UT","f","33","0.000314693"
"WA","UT","f","34","0.000314693"
"WA","UT","f","35","0.000565854"
"WA","UT","f","36","0.000565854"
"WA","UT","f","37","0.000565854"
"WA","UT","f","38","0.000565854"
"WA","UT","f","39","0.000565854"
"WA","UT","f","40","0.000298968"
"WA","UT","f","41","0.000298968"
"WA","UT","f","42","0.000298968"
"WA","UT","f","43","0.000298968"
"WA","UT","f","44","0.000298968"
"WA","UT","f","45","0.000164889"
"WA","UT","f","46","0.000164889"
"WA","UT","f","47","0.000164889"
"WA","UT","f","48","0.000164889"
"WA","UT","f","49","0.000164889"
"WA","UT","f","50","0.000215853"
"WA","UT","f","51","0.000215853"
"WA","UT","f","52","0.000215853"
"WA","UT","f","53","0.000215853"
"WA","UT","f","54","0.000215853"
"WA","UT","f","55","0.000076725"
"WA","UT","f","56","0.000076725"
"WA","UT","f","57","0.000076725"
"WA","UT","f","58","0.000076725"
"WA","UT","f","59","0.000076725"
"WA","UT","f","60","0.00037738"
"WA","UT","f","61","0.00037738"
"WA","UT","f","62","0.00037738"
"WA","UT","f","63","0.00037738"
"WA","UT","f","64","0.00037738"
"WA","UT","f","65","0.0000315"
"WA","UT","f","66","0.0000315"
"WA","UT","f","67","0.0000315"
"WA","UT","f","68","0.0000315"
"WA","UT","f","69","0.0000315"
"WA","UT","f","70","0.00007969"
"WA","UT","f","71","0.00007969"
"WA","UT","f","72","0.00007969"
"WA","UT","f","73","0.00007969"
"WA","UT","f","74","0.00007969"
"WA","UT","f","75","0.0000659"
"WA","UT","f","76","0.0000659"
"WA","UT","f","77","0.0000659"
"WA","UT","f","78","0.0000659"
"WA","UT","f","79","0.0000659"
"WA","UT","f","80","0.000311718"
"WA","UT","f","81","0.000311718"
"WA","UT","f","82","0.000311718"
"WA","UT","f","83","0.000311718"
"WA","UT","f","84","0.000311718"
"WA","UT","f","85","0.00016693"
"WA","UT","f","86","0.00016693"
"WA","UT","f","87","0.00016693"
"WA","UT","f","88","0.00016693"
"WA","UT","f","89","0.00016693"
"WA","UT","f","90","0"
"WA","UT","f","91","0"
"WA","UT","f","92","0"
"WA","UT","f","93","0"
"WA","UT","f","94","0"
"WA","UT","f","95","0"
"WA","UT","f","96","0"
"WA","UT","f","97","0"
"WA","UT","f","98","0"
"WA","UT","f","99","0"
"WA","UT","f","100","0"
"WA","VA","m","0","0.000453101"
"WA","VA","m","1","0.000453101"
"WA","VA","m","2","0.000453101"
"WA","VA","m","3","0.000453101"
"WA","VA","m","4","0.000453101"
"WA","VA","m","5","0.000545267"
"WA","VA","m","6","0.000545267"
"WA","VA","m","7","0.000545267"
"WA","VA","m","8","0.000545267"
"WA","VA","m","9","0.000545267"
"WA","VA","m","10","0.000410139"
"WA","VA","m","11","0.000410139"
"WA","VA","m","12","0.000410139"
"WA","VA","m","13","0.000410139"
"WA","VA","m","14","0.000410139"
"WA","VA","m","15","0.000545381"
"WA","VA","m","16","0.000545381"
"WA","VA","m","17","0.000545381"
"WA","VA","m","18","0.000545381"
"WA","VA","m","19","0.000545381"
"WA","VA","m","20","0.001442388"
"WA","VA","m","21","0.001442388"
"WA","VA","m","22","0.001442388"
"WA","VA","m","23","0.001442388"
"WA","VA","m","24","0.001442388"
"WA","VA","m","25","0.00074276"
"WA","VA","m","26","0.00074276"
"WA","VA","m","27","0.00074276"
"WA","VA","m","28","0.00074276"
"WA","VA","m","29","0.00074276"
"WA","VA","m","30","0.001018126"
"WA","VA","m","31","0.001018126"
"WA","VA","m","32","0.001018126"
"WA","VA","m","33","0.001018126"
"WA","VA","m","34","0.001018126"
"WA","VA","m","35","0.001053303"
"WA","VA","m","36","0.001053303"
"WA","VA","m","37","0.001053303"
"WA","VA","m","38","0.001053303"
"WA","VA","m","39","0.001053303"
"WA","VA","m","40","0.000262085"
"WA","VA","m","41","0.000262085"
"WA","VA","m","42","0.000262085"
"WA","VA","m","43","0.000262085"
"WA","VA","m","44","0.000262085"
"WA","VA","m","45","0.000140666"
"WA","VA","m","46","0.000140666"
"WA","VA","m","47","0.000140666"
"WA","VA","m","48","0.000140666"
"WA","VA","m","49","0.000140666"
"WA","VA","m","50","0.000234419"
"WA","VA","m","51","0.000234419"
"WA","VA","m","52","0.000234419"
"WA","VA","m","53","0.000234419"
"WA","VA","m","54","0.000234419"
"WA","VA","m","55","0.0000739146"
"WA","VA","m","56","0.0000739146"
"WA","VA","m","57","0.0000739146"
"WA","VA","m","58","0.0000739146"
"WA","VA","m","59","0.0000739146"
"WA","VA","m","60","0.000067126"
"WA","VA","m","61","0.000067126"
"WA","VA","m","62","0.000067126"
"WA","VA","m","63","0.000067126"
"WA","VA","m","64","0.000067126"
"WA","VA","m","65","0.000112127"
"WA","VA","m","66","0.000112127"
"WA","VA","m","67","0.000112127"
"WA","VA","m","68","0.000112127"
"WA","VA","m","69","0.000112127"
"WA","VA","m","70","0.000144934"
"WA","VA","m","71","0.000144934"
"WA","VA","m","72","0.000144934"
"WA","VA","m","73","0.000144934"
"WA","VA","m","74","0.000144934"
"WA","VA","m","75","0.0000855601"
"WA","VA","m","76","0.0000855601"
"WA","VA","m","77","0.0000855601"
"WA","VA","m","78","0.0000855601"
"WA","VA","m","79","0.0000855601"
"WA","VA","m","80","0"
"WA","VA","m","81","0"
"WA","VA","m","82","0"
"WA","VA","m","83","0"
"WA","VA","m","84","0"
"WA","VA","m","85","0"
"WA","VA","m","86","0"
"WA","VA","m","87","0"
"WA","VA","m","88","0"
"WA","VA","m","89","0"
"WA","VA","m","90","0"
"WA","VA","m","91","0"
"WA","VA","m","92","0"
"WA","VA","m","93","0"
"WA","VA","m","94","0"
"WA","VA","m","95","0"
"WA","VA","m","96","0"
"WA","VA","m","97","0"
"WA","VA","m","98","0"
"WA","VA","m","99","0"
"WA","VA","m","100","0"
"WA","VA","f","0","0.000794834"
"WA","VA","f","1","0.000794834"
"WA","VA","f","2","0.000794834"
"WA","VA","f","3","0.000794834"
"WA","VA","f","4","0.000794834"
"WA","VA","f","5","0.000525719"
"WA","VA","f","6","0.000525719"
"WA","VA","f","7","0.000525719"
"WA","VA","f","8","0.000525719"
"WA","VA","f","9","0.000525719"
"WA","VA","f","10","0.000299867"
"WA","VA","f","11","0.000299867"
"WA","VA","f","12","0.000299867"
"WA","VA","f","13","0.000299867"
"WA","VA","f","14","0.000299867"
"WA","VA","f","15","0.000429207"
"WA","VA","f","16","0.000429207"
"WA","VA","f","17","0.000429207"
"WA","VA","f","18","0.000429207"
"WA","VA","f","19","0.000429207"
"WA","VA","f","20","0.001028678"
"WA","VA","f","21","0.001028678"
"WA","VA","f","22","0.001028678"
"WA","VA","f","23","0.001028678"
"WA","VA","f","24","0.001028678"
"WA","VA","f","25","0.000736041"
"WA","VA","f","26","0.000736041"
"WA","VA","f","27","0.000736041"
"WA","VA","f","28","0.000736041"
"WA","VA","f","29","0.000736041"
"WA","VA","f","30","0.000749059"
"WA","VA","f","31","0.000749059"
"WA","VA","f","32","0.000749059"
"WA","VA","f","33","0.000749059"
"WA","VA","f","34","0.000749059"
"WA","VA","f","35","0.000617563"
"WA","VA","f","36","0.000617563"
"WA","VA","f","37","0.000617563"
"WA","VA","f","38","0.000617563"
"WA","VA","f","39","0.000617563"
"WA","VA","f","40","0.000536981"
"WA","VA","f","41","0.000536981"
"WA","VA","f","42","0.000536981"
"WA","VA","f","43","0.000536981"
"WA","VA","f","44","0.000536981"
"WA","VA","f","45","0.000164889"
"WA","VA","f","46","0.000164889"
"WA","VA","f","47","0.000164889"
"WA","VA","f","48","0.000164889"
"WA","VA","f","49","0.000164889"
"WA","VA","f","50","0.000213137"
"WA","VA","f","51","0.000213137"
"WA","VA","f","52","0.000213137"
"WA","VA","f","53","0.000213137"
"WA","VA","f","54","0.000213137"
"WA","VA","f","55","0.000193984"
"WA","VA","f","56","0.000193984"
"WA","VA","f","57","0.000193984"
"WA","VA","f","58","0.000193984"
"WA","VA","f","59","0.000193984"
"WA","VA","f","60","0.00029184"
"WA","VA","f","61","0.00029184"
"WA","VA","f","62","0.00029184"
"WA","VA","f","63","0.00029184"
"WA","VA","f","64","0.00029184"
"WA","VA","f","65","0.0000991496"
"WA","VA","f","66","0.0000991496"
"WA","VA","f","67","0.0000991496"
"WA","VA","f","68","0.0000991496"
"WA","VA","f","69","0.0000991496"
"WA","VA","f","70","0.0000892528"
"WA","VA","f","71","0.0000892528"
"WA","VA","f","72","0.0000892528"
"WA","VA","f","73","0.0000892528"
"WA","VA","f","74","0.0000892528"
"WA","VA","f","75","0.000111288"
"WA","VA","f","76","0.000111288"
"WA","VA","f","77","0.000111288"
"WA","VA","f","78","0.000111288"
"WA","VA","f","79","0.000111288"
"WA","VA","f","80","0.0000904989"
"WA","VA","f","81","0.0000904989"
"WA","VA","f","82","0.0000904989"
"WA","VA","f","83","0.0000904989"
"WA","VA","f","84","0.0000904989"
"WA","VA","f","85","0"
"WA","VA","f","86","0"
"WA","VA","f","87","0"
"WA","VA","f","88","0"
"WA","VA","f","89","0"
"WA","VA","f","90","0"
"WA","VA","f","91","0"
"WA","VA","f","92","0"
"WA","VA","f","93","0"
"WA","VA","f","94","0"
"WA","VA","f","95","0"
"WA","VA","f","96","0"
"WA","VA","f","97","0"
"WA","VA","f","98","0"
"WA","VA","f","99","0"
"WA","VA","f","100","0"
"WA","VT","m","0","0"
"WA","VT","m","1","0"
"WA","VT","m","2","0"
"WA","VT","m","3","0"
"WA","VT","m","4","0"
"WA","VT","m","5","0"
"WA","VT","m","6","0"
"WA","VT","m","7","0"
"WA","VT","m","8","0"
"WA","VT","m","9","0"
"WA","VT","m","10","0"
"WA","VT","m","11","0"
"WA","VT","m","12","0"
"WA","VT","m","13","0"
"WA","VT","m","14","0"
"WA","VT","m","15","0.0000688902"
"WA","VT","m","16","0.0000688902"
"WA","VT","m","17","0.0000688902"
"WA","VT","m","18","0.0000688902"
"WA","VT","m","19","0.0000688902"
"WA","VT","m","20","0.000140289"
"WA","VT","m","21","0.000140289"
"WA","VT","m","22","0.000140289"
"WA","VT","m","23","0.000140289"
"WA","VT","m","24","0.000140289"
"WA","VT","m","25","0.00000404"
"WA","VT","m","26","0.00000404"
"WA","VT","m","27","0.00000404"
"WA","VT","m","28","0.00000404"
"WA","VT","m","29","0.00000404"
"WA","VT","m","30","0"
"WA","VT","m","31","0"
"WA","VT","m","32","0"
"WA","VT","m","33","0"
"WA","VT","m","34","0"
"WA","VT","m","35","0"
"WA","VT","m","36","0"
"WA","VT","m","37","0"
"WA","VT","m","38","0"
"WA","VT","m","39","0"
"WA","VT","m","40","0.0000324"
"WA","VT","m","41","0.0000324"
"WA","VT","m","42","0.0000324"
"WA","VT","m","43","0.0000324"
"WA","VT","m","44","0.0000324"
"WA","VT","m","45","0.000112812"
"WA","VT","m","46","0.000112812"
"WA","VT","m","47","0.000112812"
"WA","VT","m","48","0.000112812"
"WA","VT","m","49","0.000112812"
"WA","VT","m","50","0"
"WA","VT","m","51","0"
"WA","VT","m","52","0"
"WA","VT","m","53","0"
"WA","VT","m","54","0"
"WA","VT","m","55","0.0000272"
"WA","VT","m","56","0.0000272"
"WA","VT","m","57","0.0000272"
"WA","VT","m","58","0.0000272"
"WA","VT","m","59","0.0000272"
"WA","VT","m","60","0"
"WA","VT","m","61","0"
"WA","VT","m","62","0"
"WA","VT","m","63","0"
"WA","VT","m","64","0"
"WA","VT","m","65","0"
"WA","VT","m","66","0"
"WA","VT","m","67","0"
"WA","VT","m","68","0"
"WA","VT","m","69","0"
"WA","VT","m","70","0"
"WA","VT","m","71","0"
"WA","VT","m","72","0"
"WA","VT","m","73","0"
"WA","VT","m","74","0"
"WA","VT","m","75","0"
"WA","VT","m","76","0"
"WA","VT","m","77","0"
"WA","VT","m","78","0"
"WA","VT","m","79","0"
"WA","VT","m","80","0"
"WA","VT","m","81","0"
"WA","VT","m","82","0"
"WA","VT","m","83","0"
"WA","VT","m","84","0"
"WA","VT","m","85","0"
"WA","VT","m","86","0"
"WA","VT","m","87","0"
"WA","VT","m","88","0"
"WA","VT","m","89","0"
"WA","VT","m","90","0"
"WA","VT","m","91","0"
"WA","VT","m","92","0"
"WA","VT","m","93","0"
"WA","VT","m","94","0"
"WA","VT","m","95","0"
"WA","VT","m","96","0"
"WA","VT","m","97","0"
"WA","VT","m","98","0"
"WA","VT","m","99","0"
"WA","VT","m","100","0"
"WA","VT","f","0","0"
"WA","VT","f","1","0"
"WA","VT","f","2","0"
"WA","VT","f","3","0"
"WA","VT","f","4","0"
"WA","VT","f","5","0"
"WA","VT","f","6","0"
"WA","VT","f","7","0"
"WA","VT","f","8","0"
"WA","VT","f","9","0"
"WA","VT","f","10","0"
"WA","VT","f","11","0"
"WA","VT","f","12","0"
"WA","VT","f","13","0"
"WA","VT","f","14","0"
"WA","VT","f","15","0"
"WA","VT","f","16","0"
"WA","VT","f","17","0"
"WA","VT","f","18","0"
"WA","VT","f","19","0"
"WA","VT","f","20","0.0000603"
"WA","VT","f","21","0.0000603"
"WA","VT","f","22","0.0000603"
"WA","VT","f","23","0.0000603"
"WA","VT","f","24","0.0000603"
"WA","VT","f","25","0.00000985"
"WA","VT","f","26","0.00000985"
"WA","VT","f","27","0.00000985"
"WA","VT","f","28","0.00000985"
"WA","VT","f","29","0.00000985"
"WA","VT","f","30","0.0000281"
"WA","VT","f","31","0.0000281"
"WA","VT","f","32","0.0000281"
"WA","VT","f","33","0.0000281"
"WA","VT","f","34","0.0000281"
"WA","VT","f","35","0.0000222"
"WA","VT","f","36","0.0000222"
"WA","VT","f","37","0.0000222"
"WA","VT","f","38","0.0000222"
"WA","VT","f","39","0.0000222"
"WA","VT","f","40","0"
"WA","VT","f","41","0"
"WA","VT","f","42","0"
"WA","VT","f","43","0"
"WA","VT","f","44","0"
"WA","VT","f","45","0"
"WA","VT","f","46","0"
"WA","VT","f","47","0"
"WA","VT","f","48","0"
"WA","VT","f","49","0"
"WA","VT","f","50","0.0000244"
"WA","VT","f","51","0.0000244"
"WA","VT","f","52","0.0000244"
"WA","VT","f","53","0.0000244"
"WA","VT","f","54","0.0000244"
"WA","VT","f","55","0.000029"
"WA","VT","f","56","0.000029"
"WA","VT","f","57","0.000029"
"WA","VT","f","58","0.000029"
"WA","VT","f","59","0.000029"
"WA","VT","f","60","0"
"WA","VT","f","61","0"
"WA","VT","f","62","0"
"WA","VT","f","63","0"
"WA","VT","f","64","0"
"WA","VT","f","65","0"
"WA","VT","f","66","0"
"WA","VT","f","67","0"
"WA","VT","f","68","0"
"WA","VT","f","69","0"
"WA","VT","f","70","0"
"WA","VT","f","71","0"
"WA","VT","f","72","0"
"WA","VT","f","73","0"
"WA","VT","f","74","0"
"WA","VT","f","75","0"
"WA","VT","f","76","0"
"WA","VT","f","77","0"
"WA","VT","f","78","0"
"WA","VT","f","79","0"
"WA","VT","f","80","0"
"WA","VT","f","81","0"
"WA","VT","f","82","0"
"WA","VT","f","83","0"
"WA","VT","f","84","0"
"WA","VT","f","85","0"
"WA","VT","f","86","0"
"WA","VT","f","87","0"
"WA","VT","f","88","0"
"WA","VT","f","89","0"
"WA","VT","f","90","0"
"WA","VT","f","91","0"
"WA","VT","f","92","0"
"WA","VT","f","93","0"
"WA","VT","f","94","0"
"WA","VT","f","95","0"
"WA","VT","f","96","0"
"WA","VT","f","97","0"
"WA","VT","f","98","0"
"WA","VT","f","99","0"
"WA","VT","f","100","0"
"WA","WI","m","0","0.000169538"
"WA","WI","m","1","0.000169538"
"WA","WI","m","2","0.000169538"
"WA","WI","m","3","0.000169538"
"WA","WI","m","4","0.000169538"
"WA","WI","m","5","0.000217806"
"WA","WI","m","6","0.000217806"
"WA","WI","m","7","0.000217806"
"WA","WI","m","8","0.000217806"
"WA","WI","m","9","0.000217806"
"WA","WI","m","10","0.0000706101"
"WA","WI","m","11","0.0000706101"
"WA","WI","m","12","0.0000706101"
"WA","WI","m","13","0.0000706101"
"WA","WI","m","14","0.0000706101"
"WA","WI","m","15","0.0000158"
"WA","WI","m","16","0.0000158"
"WA","WI","m","17","0.0000158"
"WA","WI","m","18","0.0000158"
"WA","WI","m","19","0.0000158"
"WA","WI","m","20","0.000179788"
"WA","WI","m","21","0.000179788"
"WA","WI","m","22","0.000179788"
"WA","WI","m","23","0.000179788"
"WA","WI","m","24","0.000179788"
"WA","WI","m","25","0.000629526"
"WA","WI","m","26","0.000629526"
"WA","WI","m","27","0.000629526"
"WA","WI","m","28","0.000629526"
"WA","WI","m","29","0.000629526"
"WA","WI","m","30","0.000255953"
"WA","WI","m","31","0.000255953"
"WA","WI","m","32","0.000255953"
"WA","WI","m","33","0.000255953"
"WA","WI","m","34","0.000255953"
"WA","WI","m","35","0.000256092"
"WA","WI","m","36","0.000256092"
"WA","WI","m","37","0.000256092"
"WA","WI","m","38","0.000256092"
"WA","WI","m","39","0.000256092"
"WA","WI","m","40","0.0000183"
"WA","WI","m","41","0.0000183"
"WA","WI","m","42","0.0000183"
"WA","WI","m","43","0.0000183"
"WA","WI","m","44","0.0000183"
"WA","WI","m","45","0.0000613"
"WA","WI","m","46","0.0000613"
"WA","WI","m","47","0.0000613"
"WA","WI","m","48","0.0000613"
"WA","WI","m","49","0.0000613"
"WA","WI","m","50","0.000140652"
"WA","WI","m","51","0.000140652"
"WA","WI","m","52","0.000140652"
"WA","WI","m","53","0.000140652"
"WA","WI","m","54","0.000140652"
"WA","WI","m","55","0.00000603"
"WA","WI","m","56","0.00000603"
"WA","WI","m","57","0.00000603"
"WA","WI","m","58","0.00000603"
"WA","WI","m","59","0.00000603"
"WA","WI","m","60","0.0000847907"
"WA","WI","m","61","0.0000847907"
"WA","WI","m","62","0.0000847907"
"WA","WI","m","63","0.0000847907"
"WA","WI","m","64","0.0000847907"
"WA","WI","m","65","0.0000146"
"WA","WI","m","66","0.0000146"
"WA","WI","m","67","0.0000146"
"WA","WI","m","68","0.0000146"
"WA","WI","m","69","0.0000146"
"WA","WI","m","70","0"
"WA","WI","m","71","0"
"WA","WI","m","72","0"
"WA","WI","m","73","0"
"WA","WI","m","74","0"
"WA","WI","m","75","0"
"WA","WI","m","76","0"
"WA","WI","m","77","0"
"WA","WI","m","78","0"
"WA","WI","m","79","0"
"WA","WI","m","80","0"
"WA","WI","m","81","0"
"WA","WI","m","82","0"
"WA","WI","m","83","0"
"WA","WI","m","84","0"
"WA","WI","m","85","0.0000742"
"WA","WI","m","86","0.0000742"
"WA","WI","m","87","0.0000742"
"WA","WI","m","88","0.0000742"
"WA","WI","m","89","0.0000742"
"WA","WI","m","90","0"
"WA","WI","m","91","0"
"WA","WI","m","92","0"
"WA","WI","m","93","0"
"WA","WI","m","94","0"
"WA","WI","m","95","0"
"WA","WI","m","96","0"
"WA","WI","m","97","0"
"WA","WI","m","98","0"
"WA","WI","m","99","0"
"WA","WI","m","100","0"
"WA","WI","f","0","0.000412311"
"WA","WI","f","1","0.000412311"
"WA","WI","f","2","0.000412311"
"WA","WI","f","3","0.000412311"
"WA","WI","f","4","0.000412311"
"WA","WI","f","5","0.000227812"
"WA","WI","f","6","0.000227812"
"WA","WI","f","7","0.000227812"
"WA","WI","f","8","0.000227812"
"WA","WI","f","9","0.000227812"
"WA","WI","f","10","0.0000665"
"WA","WI","f","11","0.0000665"
"WA","WI","f","12","0.0000665"
"WA","WI","f","13","0.0000665"
"WA","WI","f","14","0.0000665"
"WA","WI","f","15","0.00013953"
"WA","WI","f","16","0.00013953"
"WA","WI","f","17","0.00013953"
"WA","WI","f","18","0.00013953"
"WA","WI","f","19","0.00013953"
"WA","WI","f","20","0.000343872"
"WA","WI","f","21","0.000343872"
"WA","WI","f","22","0.000343872"
"WA","WI","f","23","0.000343872"
"WA","WI","f","24","0.000343872"
"WA","WI","f","25","0.000104143"
"WA","WI","f","26","0.000104143"
"WA","WI","f","27","0.000104143"
"WA","WI","f","28","0.000104143"
"WA","WI","f","29","0.000104143"
"WA","WI","f","30","0.00016104"
"WA","WI","f","31","0.00016104"
"WA","WI","f","32","0.00016104"
"WA","WI","f","33","0.00016104"
"WA","WI","f","34","0.00016104"
"WA","WI","f","35","0.000196497"
"WA","WI","f","36","0.000196497"
"WA","WI","f","37","0.000196497"
"WA","WI","f","38","0.000196497"
"WA","WI","f","39","0.000196497"
"WA","WI","f","40","0"
"WA","WI","f","41","0"
"WA","WI","f","42","0"
"WA","WI","f","43","0"
"WA","WI","f","44","0"
"WA","WI","f","45","0.0000754576"
"WA","WI","f","46","0.0000754576"
"WA","WI","f","47","0.0000754576"
"WA","WI","f","48","0.0000754576"
"WA","WI","f","49","0.0000754576"
"WA","WI","f","50","0.000038"
"WA","WI","f","51","0.000038"
"WA","WI","f","52","0.000038"
"WA","WI","f","53","0.000038"
"WA","WI","f","54","0.000038"
"WA","WI","f","55","0.000013"
"WA","WI","f","56","0.000013"
"WA","WI","f","57","0.000013"
"WA","WI","f","58","0.000013"
"WA","WI","f","59","0.000013"
"WA","WI","f","60","0.0000737987"
"WA","WI","f","61","0.0000737987"
"WA","WI","f","62","0.0000737987"
"WA","WI","f","63","0.0000737987"
"WA","WI","f","64","0.0000737987"
"WA","WI","f","65","0.000135204"
"WA","WI","f","66","0.000135204"
"WA","WI","f","67","0.000135204"
"WA","WI","f","68","0.000135204"
"WA","WI","f","69","0.000135204"
"WA","WI","f","70","0"
"WA","WI","f","71","0"
"WA","WI","f","72","0"
"WA","WI","f","73","0"
"WA","WI","f","74","0"
"WA","WI","f","75","0"
"WA","WI","f","76","0"
"WA","WI","f","77","0"
"WA","WI","f","78","0"
"WA","WI","f","79","0"
"WA","WI","f","80","0.0000352"
"WA","WI","f","81","0.0000352"
"WA","WI","f","82","0.0000352"
"WA","WI","f","83","0.0000352"
"WA","WI","f","84","0.0000352"
"WA","WI","f","85","0.000123383"
"WA","WI","f","86","0.000123383"
"WA","WI","f","87","0.000123383"
"WA","WI","f","88","0.000123383"
"WA","WI","f","89","0.000123383"
"WA","WI","f","90","0"
"WA","WI","f","91","0"
"WA","WI","f","92","0"
"WA","WI","f","93","0"
"WA","WI","f","94","0"
"WA","WI","f","95","0"
"WA","WI","f","96","0"
"WA","WI","f","97","0"
"WA","WI","f","98","0"
"WA","WI","f","99","0"
"WA","WI","f","100","0"
"WA","WV","m","0","0.000033"
"WA","WV","m","1","0.000033"
"WA","WV","m","2","0.000033"
"WA","WV","m","3","0.000033"
"WA","WV","m","4","0.000033"
"WA","WV","m","5","0.0000526"
"WA","WV","m","6","0.0000526"
"WA","WV","m","7","0.0000526"
"WA","WV","m","8","0.0000526"
"WA","WV","m","9","0.0000526"
"WA","WV","m","10","0.0000541"
"WA","WV","m","11","0.0000541"
"WA","WV","m","12","0.0000541"
"WA","WV","m","13","0.0000541"
"WA","WV","m","14","0.0000541"
"WA","WV","m","15","0"
"WA","WV","m","16","0"
"WA","WV","m","17","0"
"WA","WV","m","18","0"
"WA","WV","m","19","0"
"WA","WV","m","20","0.0000354"
"WA","WV","m","21","0.0000354"
"WA","WV","m","22","0.0000354"
"WA","WV","m","23","0.0000354"
"WA","WV","m","24","0.0000354"
"WA","WV","m","25","0.0000634"
"WA","WV","m","26","0.0000634"
"WA","WV","m","27","0.0000634"
"WA","WV","m","28","0.0000634"
"WA","WV","m","29","0.0000634"
"WA","WV","m","30","0"
"WA","WV","m","31","0"
"WA","WV","m","32","0"
"WA","WV","m","33","0"
"WA","WV","m","34","0"
"WA","WV","m","35","0.0000203"
"WA","WV","m","36","0.0000203"
"WA","WV","m","37","0.0000203"
"WA","WV","m","38","0.0000203"
"WA","WV","m","39","0.0000203"
"WA","WV","m","40","0"
"WA","WV","m","41","0"
"WA","WV","m","42","0"
"WA","WV","m","43","0"
"WA","WV","m","44","0"
"WA","WV","m","45","0.0000209"
"WA","WV","m","46","0.0000209"
"WA","WV","m","47","0.0000209"
"WA","WV","m","48","0.0000209"
"WA","WV","m","49","0.0000209"
"WA","WV","m","50","0.0000234"
"WA","WV","m","51","0.0000234"
"WA","WV","m","52","0.0000234"
"WA","WV","m","53","0.0000234"
"WA","WV","m","54","0.0000234"
"WA","WV","m","55","0.0000468"
"WA","WV","m","56","0.0000468"
"WA","WV","m","57","0.0000468"
"WA","WV","m","58","0.0000468"
"WA","WV","m","59","0.0000468"
"WA","WV","m","60","0"
"WA","WV","m","61","0"
"WA","WV","m","62","0"
"WA","WV","m","63","0"
"WA","WV","m","64","0"
"WA","WV","m","65","0"
"WA","WV","m","66","0"
"WA","WV","m","67","0"
"WA","WV","m","68","0"
"WA","WV","m","69","0"
"WA","WV","m","70","0"
"WA","WV","m","71","0"
"WA","WV","m","72","0"
"WA","WV","m","73","0"
"WA","WV","m","74","0"
"WA","WV","m","75","0"
"WA","WV","m","76","0"
"WA","WV","m","77","0"
"WA","WV","m","78","0"
"WA","WV","m","79","0"
"WA","WV","m","80","0"
"WA","WV","m","81","0"
"WA","WV","m","82","0"
"WA","WV","m","83","0"
"WA","WV","m","84","0"
"WA","WV","m","85","0"
"WA","WV","m","86","0"
"WA","WV","m","87","0"
"WA","WV","m","88","0"
"WA","WV","m","89","0"
"WA","WV","m","90","0"
"WA","WV","m","91","0"
"WA","WV","m","92","0"
"WA","WV","m","93","0"
"WA","WV","m","94","0"
"WA","WV","m","95","0"
"WA","WV","m","96","0"
"WA","WV","m","97","0"
"WA","WV","m","98","0"
"WA","WV","m","99","0"
"WA","WV","m","100","0"
"WA","WV","f","0","0"
"WA","WV","f","1","0"
"WA","WV","f","2","0"
"WA","WV","f","3","0"
"WA","WV","f","4","0"
"WA","WV","f","5","0.0000446"
"WA","WV","f","6","0.0000446"
"WA","WV","f","7","0.0000446"
"WA","WV","f","8","0.0000446"
"WA","WV","f","9","0.0000446"
"WA","WV","f","10","0"
"WA","WV","f","11","0"
"WA","WV","f","12","0"
"WA","WV","f","13","0"
"WA","WV","f","14","0"
"WA","WV","f","15","0.0000409"
"WA","WV","f","16","0.0000409"
"WA","WV","f","17","0.0000409"
"WA","WV","f","18","0.0000409"
"WA","WV","f","19","0.0000409"
"WA","WV","f","20","0.0000162"
"WA","WV","f","21","0.0000162"
"WA","WV","f","22","0.0000162"
"WA","WV","f","23","0.0000162"
"WA","WV","f","24","0.0000162"
"WA","WV","f","25","0.000109773"
"WA","WV","f","26","0.000109773"
"WA","WV","f","27","0.000109773"
"WA","WV","f","28","0.000109773"
"WA","WV","f","29","0.000109773"
"WA","WV","f","30","0.0000443"
"WA","WV","f","31","0.0000443"
"WA","WV","f","32","0.0000443"
"WA","WV","f","33","0.0000443"
"WA","WV","f","34","0.0000443"
"WA","WV","f","35","0"
"WA","WV","f","36","0"
"WA","WV","f","37","0"
"WA","WV","f","38","0"
"WA","WV","f","39","0"
"WA","WV","f","40","0.0000551"
"WA","WV","f","41","0.0000551"
"WA","WV","f","42","0.0000551"
"WA","WV","f","43","0.0000551"
"WA","WV","f","44","0.0000551"
"WA","WV","f","45","0.0000293"
"WA","WV","f","46","0.0000293"
"WA","WV","f","47","0.0000293"
"WA","WV","f","48","0.0000293"
"WA","WV","f","49","0.0000293"
"WA","WV","f","50","0"
"WA","WV","f","51","0"
"WA","WV","f","52","0"
"WA","WV","f","53","0"
"WA","WV","f","54","0"
"WA","WV","f","55","0"
"WA","WV","f","56","0"
"WA","WV","f","57","0"
"WA","WV","f","58","0"
"WA","WV","f","59","0"
"WA","WV","f","60","0.0000252"
"WA","WV","f","61","0.0000252"
"WA","WV","f","62","0.0000252"
"WA","WV","f","63","0.0000252"
"WA","WV","f","64","0.0000252"
"WA","WV","f","65","0"
"WA","WV","f","66","0"
"WA","WV","f","67","0"
"WA","WV","f","68","0"
"WA","WV","f","69","0"
"WA","WV","f","70","0.000051"
"WA","WV","f","71","0.000051"
"WA","WV","f","72","0.000051"
"WA","WV","f","73","0.000051"
"WA","WV","f","74","0.000051"
"WA","WV","f","75","0"
"WA","WV","f","76","0"
"WA","WV","f","77","0"
"WA","WV","f","78","0"
"WA","WV","f","79","0"
"WA","WV","f","80","0"
"WA","WV","f","81","0"
"WA","WV","f","82","0"
"WA","WV","f","83","0"
"WA","WV","f","84","0"
"WA","WV","f","85","0"
"WA","WV","f","86","0"
"WA","WV","f","87","0"
"WA","WV","f","88","0"
"WA","WV","f","89","0"
"WA","WV","f","90","0"
"WA","WV","f","91","0"
"WA","WV","f","92","0"
"WA","WV","f","93","0"
"WA","WV","f","94","0"
"WA","WV","f","95","0"
"WA","WV","f","96","0"
"WA","WV","f","97","0"
"WA","WV","f","98","0"
"WA","WV","f","99","0"
"WA","WV","f","100","0"
"WA","WY","m","0","0.000121527"
"WA","WY","m","1","0.000121527"
"WA","WY","m","2","0.000121527"
"WA","WY","m","3","0.000121527"
"WA","WY","m","4","0.000121527"
"WA","WY","m","5","0.000105148"
"WA","WY","m","6","0.000105148"
"WA","WY","m","7","0.000105148"
"WA","WY","m","8","0.000105148"
"WA","WY","m","9","0.000105148"
"WA","WY","m","10","0.000153239"
"WA","WY","m","11","0.000153239"
"WA","WY","m","12","0.000153239"
"WA","WY","m","13","0.000153239"
"WA","WY","m","14","0.000153239"
"WA","WY","m","15","0.000205235"
"WA","WY","m","16","0.000205235"
"WA","WY","m","17","0.000205235"
"WA","WY","m","18","0.000205235"
"WA","WY","m","19","0.000205235"
"WA","WY","m","20","0.000271044"
"WA","WY","m","21","0.000271044"
"WA","WY","m","22","0.000271044"
"WA","WY","m","23","0.000271044"
"WA","WY","m","24","0.000271044"
"WA","WY","m","25","0.000226468"
"WA","WY","m","26","0.000226468"
"WA","WY","m","27","0.000226468"
"WA","WY","m","28","0.000226468"
"WA","WY","m","29","0.000226468"
"WA","WY","m","30","0.000307144"
"WA","WY","m","31","0.000307144"
"WA","WY","m","32","0.000307144"
"WA","WY","m","33","0.000307144"
"WA","WY","m","34","0.000307144"
"WA","WY","m","35","0.0000694486"
"WA","WY","m","36","0.0000694486"
"WA","WY","m","37","0.0000694486"
"WA","WY","m","38","0.0000694486"
"WA","WY","m","39","0.0000694486"
"WA","WY","m","40","0.0000676347"
"WA","WY","m","41","0.0000676347"
"WA","WY","m","42","0.0000676347"
"WA","WY","m","43","0.0000676347"
"WA","WY","m","44","0.0000676347"
"WA","WY","m","45","0.000151808"
"WA","WY","m","46","0.000151808"
"WA","WY","m","47","0.000151808"
"WA","WY","m","48","0.000151808"
"WA","WY","m","49","0.000151808"
"WA","WY","m","50","0"
"WA","WY","m","51","0"
"WA","WY","m","52","0"
"WA","WY","m","53","0"
"WA","WY","m","54","0"
"WA","WY","m","55","0"
"WA","WY","m","56","0"
"WA","WY","m","57","0"
"WA","WY","m","58","0"
"WA","WY","m","59","0"
"WA","WY","m","60","0.0000194"
"WA","WY","m","61","0.0000194"
"WA","WY","m","62","0.0000194"
"WA","WY","m","63","0.0000194"
"WA","WY","m","64","0.0000194"
"WA","WY","m","65","0"
"WA","WY","m","66","0"
"WA","WY","m","67","0"
"WA","WY","m","68","0"
"WA","WY","m","69","0"
"WA","WY","m","70","0"
"WA","WY","m","71","0"
"WA","WY","m","72","0"
"WA","WY","m","73","0"
"WA","WY","m","74","0"
"WA","WY","m","75","0"
"WA","WY","m","76","0"
"WA","WY","m","77","0"
"WA","WY","m","78","0"
"WA","WY","m","79","0"
"WA","WY","m","80","0"
"WA","WY","m","81","0"
"WA","WY","m","82","0"
"WA","WY","m","83","0"
"WA","WY","m","84","0"
"WA","WY","m","85","0"
"WA","WY","m","86","0"
"WA","WY","m","87","0"
"WA","WY","m","88","0"
"WA","WY","m","89","0"
"WA","WY","m","90","0"
"WA","WY","m","91","0"
"WA","WY","m","92","0"
"WA","WY","m","93","0"
"WA","WY","m","94","0"
"WA","WY","m","95","0"
"WA","WY","m","96","0"
"WA","WY","m","97","0"
"WA","WY","m","98","0"
"WA","WY","m","99","0"
"WA","WY","m","100","0"
"WA","WY","f","0","0.000241429"
"WA","WY","f","1","0.000241429"
"WA","WY","f","2","0.000241429"
"WA","WY","f","3","0.000241429"
"WA","WY","f","4","0.000241429"
"WA","WY","f","5","0.0000732821"
"WA","WY","f","6","0.0000732821"
"WA","WY","f","7","0.0000732821"
"WA","WY","f","8","0.0000732821"
"WA","WY","f","9","0.0000732821"
"WA","WY","f","10","0.000074194"
"WA","WY","f","11","0.000074194"
"WA","WY","f","12","0.000074194"
"WA","WY","f","13","0.000074194"
"WA","WY","f","14","0.000074194"
"WA","WY","f","15","0.000291194"
"WA","WY","f","16","0.000291194"
"WA","WY","f","17","0.000291194"
"WA","WY","f","18","0.000291194"
"WA","WY","f","19","0.000291194"
"WA","WY","f","20","0.000265987"
"WA","WY","f","21","0.000265987"
"WA","WY","f","22","0.000265987"
"WA","WY","f","23","0.000265987"
"WA","WY","f","24","0.000265987"
"WA","WY","f","25","0.000343392"
"WA","WY","f","26","0.000343392"
"WA","WY","f","27","0.000343392"
"WA","WY","f","28","0.000343392"
"WA","WY","f","29","0.000343392"
"WA","WY","f","30","0.000217183"
"WA","WY","f","31","0.000217183"
"WA","WY","f","32","0.000217183"
"WA","WY","f","33","0.000217183"
"WA","WY","f","34","0.000217183"
"WA","WY","f","35","0.000125581"
"WA","WY","f","36","0.000125581"
"WA","WY","f","37","0.000125581"
"WA","WY","f","38","0.000125581"
"WA","WY","f","39","0.000125581"
"WA","WY","f","40","0.000184315"
"WA","WY","f","41","0.000184315"
"WA","WY","f","42","0.000184315"
"WA","WY","f","43","0.000184315"
"WA","WY","f","44","0.000184315"
"WA","WY","f","45","0.0000196"
"WA","WY","f","46","0.0000196"
"WA","WY","f","47","0.0000196"
"WA","WY","f","48","0.0000196"
"WA","WY","f","49","0.0000196"
"WA","WY","f","50","0.0000353"
"WA","WY","f","51","0.0000353"
"WA","WY","f","52","0.0000353"
"WA","WY","f","53","0.0000353"
"WA","WY","f","54","0.0000353"
"WA","WY","f","55","0.00010423"
"WA","WY","f","56","0.00010423"
"WA","WY","f","57","0.00010423"
"WA","WY","f","58","0.00010423"
"WA","WY","f","59","0.00010423"
"WA","WY","f","60","0"
"WA","WY","f","61","0"
"WA","WY","f","62","0"
"WA","WY","f","63","0"
"WA","WY","f","64","0"
"WA","WY","f","65","0"
"WA","WY","f","66","0"
"WA","WY","f","67","0"
"WA","WY","f","68","0"
"WA","WY","f","69","0"
"WA","WY","f","70","0"
"WA","WY","f","71","0"
"WA","WY","f","72","0"
"WA","WY","f","73","0"
"WA","WY","f","74","0"
"WA","WY","f","75","0"
"WA","WY","f","76","0"
"WA","WY","f","77","0"
"WA","WY","f","78","0"
"WA","WY","f","79","0"
"WA","WY","f","80","0"
"WA","WY","f","81","0"
"WA","WY","f","82","0"
"WA","WY","f","83","0"
"WA","WY","f","84","0"
"WA","WY","f","85","0.0000508"
"WA","WY","f","86","0.0000508"
"WA","WY","f","87","0.0000508"
"WA","WY","f","88","0.0000508"
"WA","WY","f","89","0.0000508"
"WA","WY","f","90","0"
"WA","WY","f","91","0"
"WA","WY","f","92","0"
"WA","WY","f","93","0"
"WA","WY","f","94","0"
"WA","WY","f","95","0"
"WA","WY","f","96","0"
"WA","WY","f","97","0"
"WA","WY","f","98","0"
"WA","WY","f","99","0"
"WA","WY","f","100","0"
